New Tracking: 
 J=2.0000 
 Q=3.0000 
 Q2=3.0000 
0.0100 0.2000 0.0100 0.0000
0.0101 0.2061 0.0103 0.4612
0.0102 0.2125 0.0105 0.4684
0.0103 0.2195 0.0108 0.4759
0.0104 0.2271 0.0111 0.4838
0.0105 0.2353 0.0113 0.4920
0.0106 0.2443 0.0116 0.5004
0.0107 0.2542 0.0119 0.5089
0.0109 0.2652 0.0122 0.5172
0.0110 0.2775 0.0124 0.5248
0.0112 0.2914 0.0127 0.5309
0.0115 0.3072 0.0130 0.5341
0.0117 0.3256 0.0132 0.5322
0.0120 0.3470 0.0135 0.5213
0.0123 0.3723 0.0137 0.4953
0.0128 0.4023 0.0138 0.4450
0.0133 0.4377 0.0140 0.3591
0.0138 0.4787 0.0141 0.2280
0.0145 0.5249 0.0142 0.0516
0.0152 0.5753 0.0142 -0.1562
0.0159 0.6284 0.0142 -0.3737
0.0167 0.6832 0.0142 -0.5810
0.0174 0.7388 0.0142 -0.7647
0.0182 0.7950 0.0142 -0.9176
0.0190 0.8513 0.0142 -1.0357
0.0198 0.9077 0.0141 -1.1173
0.0206 0.9641 0.0141 -1.1614
0.0213 1.0205 0.0141 -1.1677
0.0221 1.0768 0.0141 -1.1362
0.0229 1.1331 0.0141 -1.0667
0.0237 1.1893 0.0141 -0.9595
0.0245 1.2454 0.0140 -0.8145
0.0252 1.3015 0.0140 -0.6320
0.0260 1.3575 0.0140 -0.4121
0.0268 1.4134 0.0140 -0.1549
0.0276 1.4693 0.0140 0.1395
0.0284 1.5251 0.0140 0.4710
0.0291 1.5808 0.0139 0.8393
0.0299 1.6365 0.0139 1.2445
0.0307 1.6921 0.0139 1.6862
0.0315 1.7476 0.0139 2.1645
0.0322 1.8031 0.0139 2.6791
0.0330 1.8585 0.0139 3.2300
0.0338 1.9138 0.0138 3.8170
0.0346 1.9691 0.0138 4.4399
0.0353 2.0243 0.0138 5.0987
0.0361 2.0795 0.0138 5.7932
0.0369 2.1345 0.0138 6.5233
0.0376 2.1895 0.0138 7.2889
0.0384 2.2445 0.0137 8.0897
0.0392 2.2993 0.0137 8.9258
0.0399 2.3542 0.0137 9.7970
0.0407 2.4089 0.0137 10.7030
0.0415 2.4636 0.0137 11.6439
0.0422 2.5182 0.0137 12.6195
0.0430 2.5727 0.0136 13.6296
0.0438 2.6272 0.0136 14.6742
0.0445 2.6816 0.0136 15.7530
0.0453 2.7360 0.0136 16.8660
0.0461 2.7903 0.0136 18.0131
0.0468 2.8445 0.0136 19.1941
0.0476 2.8986 0.0135 20.4089
0.0484 2.9527 0.0135 21.6574
0.0491 3.0067 0.0135 22.9394
0.0499 3.0607 0.0135 24.2548
0.0506 3.1146 0.0135 25.6035
0.0514 3.1684 0.0135 26.9855
0.0522 3.2222 0.0134 28.4004
0.0529 3.2759 0.0134 29.8483
0.0537 3.3295 0.0134 31.3290
0.0544 3.3831 0.0134 32.8424
0.0552 3.4366 0.0134 34.3884
0.0559 3.4901 0.0134 35.9668
0.0567 3.5434 0.0134 37.5775
0.0574 3.5968 0.0133 39.2204
0.0582 3.6500 0.0133 40.8954
0.0590 3.7032 0.0133 42.6023
0.0597 3.7563 0.0133 44.3411
0.0605 3.8094 0.0133 46.1117
0.0612 3.8624 0.0133 47.9138
0.0620 3.9153 0.0132 49.7474
0.0627 3.9682 0.0132 51.6123
0.0635 4.0210 0.0132 53.5085
0.0642 4.0737 0.0132 55.4359
0.0650 4.1264 0.0132 57.3942
0.0657 4.1790 0.0132 59.3835
0.0665 4.2316 0.0131 61.4035
0.0672 4.2841 0.0131 63.4542
0.0679 4.3365 0.0131 65.5354
0.0687 4.3889 0.0131 67.6471
0.0694 4.4412 0.0131 69.7890
0.0702 4.4934 0.0131 71.9612
0.0709 4.5456 0.0131 74.1635
0.0717 4.5977 0.0130 76.3957
0.0724 4.6497 0.0130 78.6578
0.0731 4.7017 0.0130 80.9496
0.0739 4.7537 0.0130 83.2710
0.0746 4.8055 0.0130 85.6220
0.0754 4.8573 0.0130 88.0024
0.0761 4.9091 0.0129 90.4120
0.0768 4.9607 0.0129 92.8508
0.0776 5.0124 0.0129 95.3187
0.0783 5.0639 0.0129 97.8156
0.0791 5.1154 0.0129 100.3413
0.0798 5.1668 0.0129 102.8957
0.0805 5.2182 0.0128 105.4787
0.0813 5.2695 0.0128 108.0903
0.0820 5.3208 0.0128 110.7303
0.0827 5.3719 0.0128 113.3985
0.0835 5.4231 0.0128 116.0949
0.0842 5.4741 0.0128 118.8195
0.0849 5.5251 0.0128 121.5719
0.0857 5.5761 0.0127 124.3522
0.0864 5.6269 0.0127 127.1603
0.0871 5.6778 0.0127 129.9960
0.0879 5.7285 0.0127 132.8593
0.0886 5.7792 0.0127 135.7499
0.0893 5.8298 0.0127 138.6679
0.0900 5.8804 0.0127 141.6131
0.0908 5.9309 0.0126 144.5854
0.0915 5.9814 0.0126 147.5848
0.0922 6.0318 0.0126 150.6110
0.0930 6.0821 0.0126 153.6639
0.0937 6.1324 0.0126 156.7436
0.0944 6.1826 0.0126 159.8499
0.0951 6.2327 0.0125 162.9826
0.0959 6.2828 0.0125 166.1417
0.0966 6.3329 0.0125 169.3271
0.0973 6.3828 0.0125 172.5386
0.0980 6.4327 0.0125 175.7762
0.0987 6.4826 0.0125 179.0397
0.0995 6.5324 0.0125 182.3291
0.1002 6.5821 0.0124 185.6443
0.1009 6.6318 0.0124 188.9851
0.1016 6.6814 0.0124 192.3514
0.1023 6.7310 0.0124 195.7432
0.1031 6.7805 0.0124 199.1603
0.1038 6.8299 0.0124 202.6027
0.1045 6.8793 0.0124 206.0703
0.1052 6.9286 0.0123 209.5628
0.1059 6.9778 0.0123 213.0803
0.1066 7.0270 0.0123 216.6227
0.1074 7.0762 0.0123 220.1898
0.1081 7.1252 0.0123 223.7815
0.1088 7.1743 0.0123 227.3978
0.1095 7.2232 0.0122 231.0386
0.1102 7.2721 0.0122 234.7037
0.1109 7.3210 0.0122 238.3930
0.1116 7.3698 0.0122 242.1065
0.1123 7.4185 0.0122 245.8441
0.1130 7.4672 0.0122 249.6056
0.1138 7.5158 0.0122 253.3909
0.1145 7.5643 0.0121 257.2001
0.1152 7.6128 0.0121 261.0329
0.1159 7.6612 0.0121 264.8893
0.1166 7.7096 0.0121 268.7691
0.1173 7.7579 0.0121 272.6723
0.1180 7.8062 0.0121 276.5989
0.1187 7.8544 0.0121 280.5486
0.1194 7.9026 0.0120 284.5214
0.1201 7.9506 0.0120 288.5172
0.1208 7.9987 0.0120 292.5359
0.1215 8.0466 0.0120 296.5775
0.1222 8.0946 0.0120 300.6417
0.1229 8.1424 0.0120 304.7286
0.1236 8.1902 0.0120 308.8380
0.1243 8.2380 0.0119 312.9699
0.1250 8.2856 0.0119 317.1241
0.1257 8.3333 0.0119 321.3005
0.1264 8.3808 0.0119 325.4992
0.1271 8.4284 0.0119 329.7199
0.1278 8.4758 0.0119 333.9625
0.1285 8.5232 0.0119 338.2271
0.1292 8.5706 0.0118 342.5135
0.1299 8.6179 0.0118 346.8216
0.1306 8.6651 0.0118 351.1513
0.1313 8.7123 0.0118 355.5025
0.1320 8.7594 0.0118 359.8752
0.1327 8.8064 0.0118 364.2692
0.1334 8.8534 0.0118 368.6844
0.1341 8.9004 0.0117 373.1209
0.1348 8.9473 0.0117 377.5784
0.1355 8.9941 0.0117 382.0569
0.1362 9.0409 0.0117 386.5563
0.1368 9.0876 0.0117 391.0766
0.1375 9.1343 0.0117 395.6176
0.1382 9.1809 0.0117 400.1792
0.1389 9.2274 0.0116 404.7613
0.1396 9.2739 0.0116 409.3639
0.1403 9.3204 0.0116 413.9870
0.1410 9.3668 0.0116 418.6303
0.1417 9.4131 0.0116 423.2938
0.1424 9.4594 0.0116 427.9774
0.1430 9.5056 0.0116 432.6811
0.1437 9.5518 0.0115 437.4047
0.1444 9.5979 0.0115 442.1482
0.1451 9.6439 0.0115 446.9114
0.1458 9.6899 0.0115 451.6944
0.1465 9.7359 0.0115 456.4969
0.1471 9.7818 0.0115 461.3190
0.1478 9.8276 0.0115 466.1606
New Tracking: 
 J=2.0000 
 Q=3.0000 
 Q2=3.0000 
0.0100 0.2000 0.0100 0.0000
0.0101 0.1999 0.0100 0.4545
0.0102 0.1998 0.0100 0.4544
0.0102 0.1997 0.0100 0.4542
0.0103 0.1995 0.0100 0.4541
0.0104 0.1994 0.0100 0.4539
0.0105 0.1993 0.0100 0.4538
0.0105 0.1992 0.0100 0.4536
0.0106 0.1991 0.0099 0.4535
0.0107 0.1990 0.0099 0.4534
0.0108 0.1989 0.0099 0.4532
0.0108 0.1988 0.0099 0.4531
0.0109 0.1986 0.0099 0.4529
0.0110 0.1985 0.0099 0.4528
0.0111 0.1984 0.0099 0.4526
0.0112 0.1983 0.0099 0.4525
0.0112 0.1982 0.0099 0.4524
0.0113 0.1981 0.0099 0.4522
0.0114 0.1980 0.0099 0.4521
0.0115 0.1979 0.0099 0.4519
0.0115 0.1977 0.0099 0.4518
0.0116 0.1976 0.0099 0.4516
0.0117 0.1975 0.0099 0.4515
0.0118 0.1974 0.0099 0.4514
0.0118 0.1973 0.0098 0.4512
0.0119 0.1972 0.0098 0.4511
0.0120 0.1971 0.0098 0.4509
0.0121 0.1969 0.0098 0.4508
0.0122 0.1968 0.0098 0.4506
0.0122 0.1967 0.0098 0.4505
0.0123 0.1966 0.0098 0.4504
0.0124 0.1965 0.0098 0.4502
0.0125 0.1964 0.0098 0.4501
0.0125 0.1963 0.0098 0.4499
0.0126 0.1962 0.0098 0.4498
0.0127 0.1960 0.0098 0.4496
0.0128 0.1959 0.0098 0.4495
0.0128 0.1958 0.0098 0.4494
0.0129 0.1957 0.0098 0.4492
0.0130 0.1956 0.0098 0.4491
0.0131 0.1955 0.0097 0.4489
0.0131 0.1954 0.0097 0.4488
0.0132 0.1953 0.0097 0.4487
0.0133 0.1951 0.0097 0.4485
0.0134 0.1950 0.0097 0.4484
0.0134 0.1949 0.0097 0.4482
0.0135 0.1948 0.0097 0.4481
0.0136 0.1947 0.0097 0.4479
0.0137 0.1946 0.0097 0.4478
0.0137 0.1945 0.0097 0.4477
0.0138 0.1944 0.0097 0.4475
0.0139 0.1942 0.0097 0.4474
0.0140 0.1941 0.0097 0.4472
0.0140 0.1940 0.0097 0.4471
0.0141 0.1939 0.0097 0.4469
0.0142 0.1938 0.0097 0.4468
0.0143 0.1937 0.0096 0.4467
0.0143 0.1936 0.0096 0.4465
0.0144 0.1934 0.0096 0.4464
0.0145 0.1933 0.0096 0.4462
0.0146 0.1932 0.0096 0.4461
0.0146 0.1931 0.0096 0.4459
0.0147 0.1930 0.0096 0.4458
0.0148 0.1929 0.0096 0.4457
0.0149 0.1928 0.0096 0.4455
0.0149 0.1927 0.0096 0.4454
0.0150 0.1925 0.0096 0.4452
0.0151 0.1924 0.0096 0.4451
0.0152 0.1923 0.0096 0.4450
0.0152 0.1922 0.0096 0.4448
0.0153 0.1921 0.0096 0.4447
0.0154 0.1920 0.0096 0.4445
0.0155 0.1919 0.0096 0.4444
0.0155 0.1918 0.0095 0.4442
0.0156 0.1916 0.0095 0.4441
0.0157 0.1915 0.0095 0.4440
0.0158 0.1914 0.0095 0.4438
0.0158 0.1913 0.0095 0.4437
0.0159 0.1912 0.0095 0.4435
0.0160 0.1911 0.0095 0.4434
0.0161 0.1910 0.0095 0.4433
0.0161 0.1908 0.0095 0.4431
0.0162 0.1907 0.0095 0.4430
0.0163 0.1906 0.0095 0.4428
0.0164 0.1905 0.0095 0.4427
0.0164 0.1904 0.0095 0.4425
0.0165 0.1903 0.0095 0.4424
0.0166 0.1902 0.0095 0.4423
0.0167 0.1901 0.0095 0.4421
0.0167 0.1899 0.0095 0.4420
0.0168 0.1898 0.0094 0.4418
0.0169 0.1897 0.0094 0.4417
0.0170 0.1896 0.0094 0.4416
0.0170 0.1895 0.0094 0.4414
0.0171 0.1894 0.0094 0.4413
0.0172 0.1893 0.0094 0.4411
0.0172 0.1892 0.0094 0.4410
0.0173 0.1890 0.0094 0.4409
0.0174 0.1889 0.0094 0.4407
0.0175 0.1888 0.0094 0.4406
0.0175 0.1887 0.0094 0.4404
0.0176 0.1886 0.0094 0.4403
0.0177 0.1885 0.0094 0.4401
0.0178 0.1884 0.0094 0.4400
0.0178 0.1883 0.0094 0.4399
0.0179 0.1881 0.0094 0.4397
0.0180 0.1880 0.0094 0.4396
0.0181 0.1879 0.0093 0.4394
0.0181 0.1878 0.0093 0.4393
0.0182 0.1877 0.0093 0.4392
0.0183 0.1876 0.0093 0.4390
0.0184 0.1875 0.0093 0.4389
0.0184 0.1874 0.0093 0.4387
0.0185 0.1872 0.0093 0.4386
0.0186 0.1871 0.0093 0.4385
0.0186 0.1870 0.0093 0.4383
0.0187 0.1869 0.0093 0.4382
0.0188 0.1868 0.0093 0.4380
0.0189 0.1867 0.0093 0.4379
0.0189 0.1866 0.0093 0.4378
0.0190 0.1865 0.0093 0.4376
0.0191 0.1863 0.0093 0.4375
0.0192 0.1862 0.0093 0.4373
0.0192 0.1861 0.0093 0.4372
0.0193 0.1860 0.0092 0.4371
0.0194 0.1859 0.0092 0.4369
0.0194 0.1858 0.0092 0.4368
0.0195 0.1857 0.0092 0.4366
0.0196 0.1856 0.0092 0.4365
0.0197 0.1854 0.0092 0.4364
0.0197 0.1853 0.0092 0.4362
0.0198 0.1852 0.0092 0.4361
0.0199 0.1851 0.0092 0.4359
0.0200 0.1850 0.0092 0.4358
0.0200 0.1849 0.0092 0.4357
0.0201 0.1848 0.0092 0.4355
0.0202 0.1847 0.0092 0.4354
0.0202 0.1845 0.0092 0.4352
0.0203 0.1844 0.0092 0.4351
0.0204 0.1843 0.0092 0.4350
0.0205 0.1842 0.0092 0.4348
0.0205 0.1841 0.0091 0.4347
0.0206 0.1840 0.0091 0.4345
0.0207 0.1839 0.0091 0.4344
0.0207 0.1838 0.0091 0.4343
0.0208 0.1836 0.0091 0.4341
0.0209 0.1835 0.0091 0.4340
0.0210 0.1834 0.0091 0.4338
0.0210 0.1833 0.0091 0.4337
0.0211 0.1832 0.0091 0.4336
0.0212 0.1831 0.0091 0.4334
0.0213 0.1830 0.0091 0.4333
0.0213 0.1829 0.0091 0.4331
0.0214 0.1827 0.0091 0.4330
0.0215 0.1826 0.0091 0.4329
0.0215 0.1825 0.0091 0.4327
0.0216 0.1824 0.0091 0.4326
0.0217 0.1823 0.0091 0.4324
0.0218 0.1822 0.0091 0.4323
0.0218 0.1821 0.0090 0.4322
0.0219 0.1820 0.0090 0.4320
0.0220 0.1818 0.0090 0.4319
0.0220 0.1817 0.0090 0.4318
0.0221 0.1816 0.0090 0.4316
0.0222 0.1815 0.0090 0.4315
0.0223 0.1814 0.0090 0.4313
0.0223 0.1813 0.0090 0.4312
0.0224 0.1812 0.0090 0.4311
0.0225 0.1811 0.0090 0.4309
0.0225 0.1809 0.0090 0.4308
0.0226 0.1808 0.0090 0.4306
0.0227 0.1807 0.0090 0.4305
0.0228 0.1806 0.0090 0.4304
0.0228 0.1805 0.0090 0.4302
0.0229 0.1804 0.0090 0.4301
0.0230 0.1803 0.0090 0.4300
0.0230 0.1802 0.0090 0.4298
0.0231 0.1801 0.0089 0.4297
0.0232 0.1799 0.0089 0.4295
0.0233 0.1798 0.0089 0.4294
0.0233 0.1797 0.0089 0.4293
0.0234 0.1796 0.0089 0.4291
0.0235 0.1795 0.0089 0.4290
0.0235 0.1794 0.0089 0.4288
0.0236 0.1793 0.0089 0.4287
0.0237 0.1792 0.0089 0.4286
0.0238 0.1790 0.0089 0.4284
0.0238 0.1789 0.0089 0.4283
0.0239 0.1788 0.0089 0.4282
0.0240 0.1787 0.0089 0.4280
0.0240 0.1786 0.0089 0.4279
0.0241 0.1785 0.0089 0.4277
0.0242 0.1784 0.0089 0.4276
0.0243 0.1783 0.0089 0.4275
0.0243 0.1782 0.0089 0.4273
0.0244 0.1780 0.0089 0.4272
0.0245 0.1779 0.0088 0.4271
0.0245 0.1778 0.0088 0.4269
0.0246 0.1777 0.0088 0.4268
0.0247 0.1776 0.0088 0.4266
0.0247 0.1775 0.0088 0.4265
