New Tracking: 
 J=3.4000 
 Q=0.2000 
 Q2=1.7700 
0.0100 0.0100 0.0100 0.0000
0.1236 0.0100 0.0094 -0.8871
0.2230 0.0100 0.0089 -0.5115
0.3100 0.0101 0.0085 -0.1691
0.3865 0.0104 0.0082 0.1347
0.4538 0.0108 0.0081 0.3975
0.5132 0.0114 0.0083 0.6194
0.5659 0.0123 0.0087 0.8025
0.6128 0.0134 0.0094 0.9505
0.6545 0.0148 0.0105 1.0675
0.6918 0.0163 0.0121 1.1578
0.7251 0.0181 0.0143 1.2251
0.7549 0.0201 0.0173 1.2724
0.7815 0.0221 0.0212 1.3017
0.8053 0.0243 0.0263 1.3143
0.8265 0.0264 0.0328 1.3109
0.8455 0.0286 0.0410 1.2913
0.8625 0.0307 0.0509 1.2557
0.8777 0.0327 0.0628 1.2045
0.8913 0.0345 0.0765 1.1386
0.9035 0.0362 0.0918 1.0601
0.9143 0.0377 0.1084 0.9716
0.9241 0.0390 0.1260 0.8762
0.9327 0.0402 0.1442 0.7771
0.9404 0.0412 0.1625 0.6769
0.9473 0.0420 0.1808 0.5778
0.9534 0.0427 0.1987 0.4816
0.9588 0.0432 0.2161 0.3893
0.9636 0.0437 0.2329 0.3016
0.9678 0.0441 0.2490 0.2190
0.9716 0.0444 0.2644 0.1414
0.9749 0.0446 0.2790 0.0690
0.9778 0.0448 0.2928 0.0015
0.9804 0.0449 0.3058 -0.0612
0.9827 0.0450 0.3181 -0.1193
0.9847 0.0451 0.3296 -0.1732
0.9865 0.0451 0.3405 -0.2231
0.9880 0.0451 0.3507 -0.2693
0.9894 0.0451 0.3603 -0.3120
0.9906 0.0450 0.3693 -0.3515
0.9917 0.0449 0.3777 -0.3881
0.9926 0.0449 0.3856 -0.4219
0.9934 0.0448 0.3929 -0.4532
0.9942 0.0446 0.3998 -0.4821
0.9948 0.0445 0.4063 -0.5090
0.9954 0.0444 0.4123 -0.5338
0.9959 0.0443 0.4180 -0.5568
0.9963 0.0441 0.4232 -0.5781
0.9967 0.0440 0.4282 -0.5978
0.9970 0.0438 0.4328 -0.6161
0.9973 0.0436 0.4371 -0.6331
0.9976 0.0435 0.4411 -0.6489
0.9978 0.0433 0.4449 -0.6635
0.9980 0.0431 0.4484 -0.6770
0.9982 0.0430 0.4517 -0.6896
0.9984 0.0428 0.4547 -0.7013
0.9985 0.0426 0.4576 -0.7122
0.9986 0.0424 0.4603 -0.7223
0.9987 0.0422 0.4627 -0.7317
0.9988 0.0421 0.4651 -0.7404
0.9989 0.0419 0.4672 -0.7485
0.9990 0.0417 0.4693 -0.7560
0.9991 0.0415 0.4712 -0.7631
0.9991 0.0413 0.4729 -0.7696
0.9992 0.0411 0.4746 -0.7757
0.9992 0.0410 0.4761 -0.7813
0.9993 0.0408 0.4776 -0.7866
0.9993 0.0406 0.4789 -0.7915
0.9993 0.0404 0.4801 -0.7960
0.9994 0.0402 0.4813 -0.8003
0.9994 0.0400 0.4824 -0.8042
0.9994 0.0398 0.4834 -0.8079
0.9994 0.0397 0.4844 -0.8113
0.9994 0.0395 0.4853 -0.8145
0.9995 0.0393 0.4861 -0.8175
0.9995 0.0391 0.4869 -0.8203
0.9995 0.0389 0.4876 -0.8229
0.9995 0.0387 0.4882 -0.8253
0.9995 0.0386 0.4889 -0.8275
0.9995 0.0384 0.4895 -0.8296
0.9995 0.0382 0.4900 -0.8316
0.9995 0.0380 0.4905 -0.8334
0.9995 0.0379 0.4910 -0.8351
0.9995 0.0377 0.4914 -0.8367
0.9996 0.0375 0.4918 -0.8382
0.9996 0.0373 0.4922 -0.8395
0.9996 0.0372 0.4926 -0.8408
0.9996 0.0370 0.4929 -0.8420
0.9996 0.0368 0.4932 -0.8431
0.9996 0.0366 0.4935 -0.8442
0.9996 0.0365 0.4938 -0.8451
0.9996 0.0363 0.4941 -0.8460
0.9996 0.0361 0.4943 -0.8469
0.9996 0.0360 0.4945 -0.8477
0.9996 0.0358 0.4947 -0.8484
0.9996 0.0357 0.4949 -0.8491
0.9996 0.0355 0.4951 -0.8497
0.9996 0.0353 0.4953 -0.8503
0.9996 0.0352 0.4954 -0.8509
0.9996 0.0350 0.4956 -0.8514
0.9996 0.0349 0.4957 -0.8519
0.9996 0.0347 0.4958 -0.8523
0.9996 0.0345 0.4959 -0.8527
0.9996 0.0344 0.4961 -0.8531
0.9996 0.0342 0.4962 -0.8535
0.9996 0.0341 0.4963 -0.8538
0.9996 0.0339 0.4963 -0.8542
0.9996 0.0338 0.4964 -0.8545
0.9996 0.0336 0.4965 -0.8547
0.9996 0.0335 0.4966 -0.8550
0.9996 0.0333 0.4966 -0.8552
0.9996 0.0332 0.4967 -0.8555
0.9996 0.0331 0.4968 -0.8557
0.9996 0.0329 0.4968 -0.8559
0.9996 0.0328 0.4969 -0.8560
0.9996 0.0326 0.4969 -0.8562
0.9996 0.0325 0.4970 -0.8564
0.9996 0.0324 0.4970 -0.8565
0.9996 0.0322 0.4970 -0.8567
0.9996 0.0321 0.4971 -0.8568
0.9996 0.0320 0.4971 -0.8569
0.9996 0.0318 0.4971 -0.8570
0.9996 0.0317 0.4972 -0.8571
0.9996 0.0316 0.4972 -0.8572
0.9996 0.0314 0.4972 -0.8573
0.9996 0.0313 0.4972 -0.8574
0.9996 0.0312 0.4973 -0.8575
0.9996 0.0310 0.4973 -0.8576
0.9996 0.0309 0.4973 -0.8576
0.9996 0.0308 0.4973 -0.8577
0.9996 0.0307 0.4973 -0.8577
0.9996 0.0305 0.4974 -0.8578
0.9996 0.0304 0.4974 -0.8579
0.9996 0.0303 0.4974 -0.8579
0.9996 0.0302 0.4974 -0.8579
0.9996 0.0300 0.4974 -0.8580
0.9996 0.0299 0.4974 -0.8580
0.9996 0.0298 0.4974 -0.8581
0.9996 0.0297 0.4974 -0.8581
0.9996 0.0296 0.4974 -0.8581
0.9996 0.0295 0.4975 -0.8582
0.9996 0.0293 0.4975 -0.8582
0.9996 0.0292 0.4975 -0.8582
0.9996 0.0291 0.4975 -0.8582
0.9996 0.0290 0.4975 -0.8583
0.9996 0.0289 0.4975 -0.8583
0.9996 0.0288 0.4975 -0.8583
0.9996 0.0287 0.4975 -0.8583
0.9996 0.0286 0.4975 -0.8583
0.9996 0.0285 0.4975 -0.8583
0.9996 0.0283 0.4975 -0.8584
0.9996 0.0282 0.4975 -0.8584
0.9996 0.0281 0.4975 -0.8584
0.9996 0.0280 0.4975 -0.8584
0.9996 0.0279 0.4975 -0.8584
0.9996 0.0278 0.4975 -0.8584
0.9996 0.0277 0.4975 -0.8584
0.9996 0.0276 0.4975 -0.8584
0.9996 0.0275 0.4975 -0.8584
0.9996 0.0274 0.4975 -0.8585
0.9996 0.0273 0.4975 -0.8585
0.9996 0.0272 0.4975 -0.8585
0.9996 0.0271 0.4975 -0.8585
0.9996 0.0270 0.4975 -0.8585
0.9996 0.0269 0.4975 -0.8585
0.9996 0.0268 0.4975 -0.8585
0.9996 0.0267 0.4975 -0.8585
0.9996 0.0267 0.4975 -0.8585
0.9996 0.0266 0.4975 -0.8585
0.9996 0.0265 0.4975 -0.8585
0.9996 0.0264 0.4975 -0.8585
0.9996 0.0263 0.4975 -0.8585
0.9996 0.0262 0.4975 -0.8585
0.9996 0.0261 0.4975 -0.8585
0.9996 0.0260 0.4975 -0.8585
0.9996 0.0259 0.4975 -0.8585
0.9996 0.0258 0.4975 -0.8585
0.9996 0.0258 0.4975 -0.8585
0.9996 0.0257 0.4975 -0.8585
0.9996 0.0256 0.4975 -0.8585
0.9996 0.0255 0.4975 -0.8585
0.9996 0.0254 0.4975 -0.8585
0.9996 0.0253 0.4975 -0.8585
0.9996 0.0253 0.4975 -0.8585
0.9996 0.0252 0.4975 -0.8585
0.9996 0.0251 0.4975 -0.8585
0.9996 0.0250 0.4975 -0.8585
0.9996 0.0249 0.4975 -0.8585
0.9996 0.0249 0.4975 -0.8585
0.9996 0.0248 0.4975 -0.8585
0.9996 0.0247 0.4975 -0.8585
0.9996 0.0246 0.4975 -0.8585
0.9996 0.0245 0.4975 -0.8585
0.9996 0.0245 0.4975 -0.8585
0.9996 0.0244 0.4975 -0.8585
0.9996 0.0243 0.4975 -0.8585
0.9996 0.0242 0.4975 -0.8585
0.9996 0.0242 0.4975 -0.8585
0.9996 0.0241 0.4975 -0.8585
0.9996 0.0240 0.4975 -0.8585
0.9996 0.0240 0.4975 -0.8585
New Tracking: 
 J=3.4000 
 Q=0.2000 
 Q2=1.7700 
0.0100 0.0100 0.0100 0.0000
0.1236 0.0100 0.0094 -0.8871
0.2230 0.0100 0.0089 -0.5115
0.3100 0.0101 0.0085 -0.1691
0.3865 0.0104 0.0082 0.1347
0.4538 0.0108 0.0081 0.3975
0.5132 0.0114 0.0083 0.6194
0.5659 0.0123 0.0087 0.8025
0.6128 0.0134 0.0094 0.9505
0.6545 0.0148 0.0105 1.0675
0.6918 0.0163 0.0121 1.1578
0.7251 0.0181 0.0143 1.2251
0.7549 0.0201 0.0173 1.2724
0.7815 0.0221 0.0212 1.3017
0.8053 0.0243 0.0263 1.3143
0.8265 0.0264 0.0328 1.3109
0.8455 0.0286 0.0410 1.2913
0.8625 0.0307 0.0509 1.2557
0.8777 0.0327 0.0628 1.2045
0.8913 0.0345 0.0765 1.1386
0.9035 0.0362 0.0918 1.0601
0.9143 0.0377 0.1084 0.9716
0.9241 0.0390 0.1260 0.8762
0.9327 0.0402 0.1442 0.7771
0.9404 0.0412 0.1625 0.6769
0.9473 0.0420 0.1808 0.5778
0.9534 0.0427 0.1987 0.4816
0.9588 0.0432 0.2161 0.3893
0.9636 0.0437 0.2329 0.3016
0.9678 0.0441 0.2490 0.2190
0.9716 0.0444 0.2644 0.1414
0.9749 0.0446 0.2790 0.0690
0.9778 0.0448 0.2928 0.0015
0.9804 0.0449 0.3058 -0.0612
0.9827 0.0450 0.3181 -0.1193
0.9847 0.0451 0.3296 -0.1732
0.9865 0.0451 0.3405 -0.2231
0.9880 0.0451 0.3507 -0.2693
0.9894 0.0451 0.3603 -0.3120
0.9906 0.0450 0.3693 -0.3515
0.9917 0.0449 0.3777 -0.3881
0.9926 0.0449 0.3856 -0.4219
0.9934 0.0448 0.3929 -0.4532
0.9942 0.0446 0.3998 -0.4821
0.9948 0.0445 0.4063 -0.5090
0.9954 0.0444 0.4123 -0.5338
0.9959 0.0443 0.4180 -0.5568
0.9963 0.0441 0.4232 -0.5781
0.9967 0.0440 0.4282 -0.5978
0.9970 0.0438 0.4328 -0.6161
0.9973 0.0436 0.4371 -0.6331
0.9976 0.0435 0.4411 -0.6489
0.9978 0.0433 0.4449 -0.6635
0.9980 0.0431 0.4484 -0.6770
0.9982 0.0430 0.4517 -0.6896
0.9984 0.0428 0.4547 -0.7013
0.9985 0.0426 0.4576 -0.7122
0.9986 0.0424 0.4603 -0.7223
0.9987 0.0422 0.4627 -0.7317
0.9988 0.0421 0.4651 -0.7404
0.9989 0.0419 0.4672 -0.7485
0.9990 0.0417 0.4693 -0.7560
0.9991 0.0415 0.4712 -0.7631
0.9991 0.0413 0.4729 -0.7696
0.9992 0.0411 0.4746 -0.7757
0.9992 0.0410 0.4761 -0.7813
0.9993 0.0408 0.4776 -0.7866
0.9993 0.0406 0.4789 -0.7915
0.9993 0.0404 0.4801 -0.7960
0.9994 0.0402 0.4813 -0.8003
0.9994 0.0400 0.4824 -0.8042
0.9994 0.0398 0.4834 -0.8079
0.9994 0.0397 0.4844 -0.8113
0.9994 0.0395 0.4853 -0.8145
0.9995 0.0393 0.4861 -0.8175
0.9995 0.0391 0.4869 -0.8203
0.9995 0.0389 0.4876 -0.8229
0.9995 0.0387 0.4882 -0.8253
0.9995 0.0386 0.4889 -0.8275
0.9995 0.0384 0.4895 -0.8296
0.9995 0.0382 0.4900 -0.8316
0.9995 0.0380 0.4905 -0.8334
0.9995 0.0379 0.4910 -0.8351
0.9995 0.0377 0.4914 -0.8367
0.9996 0.0375 0.4918 -0.8382
0.9996 0.0373 0.4922 -0.8395
0.9996 0.0372 0.4926 -0.8408
0.9996 0.0370 0.4929 -0.8420
0.9996 0.0368 0.4932 -0.8431
0.9996 0.0366 0.4935 -0.8442
0.9996 0.0365 0.4938 -0.8451
0.9996 0.0363 0.4941 -0.8460
0.9996 0.0361 0.4943 -0.8469
0.9996 0.0360 0.4945 -0.8477
0.9996 0.0358 0.4947 -0.8484
0.9996 0.0357 0.4949 -0.8491
0.9996 0.0355 0.4951 -0.8497
0.9996 0.0353 0.4953 -0.8503
0.9996 0.0352 0.4954 -0.8509
0.9996 0.0350 0.4956 -0.8514
0.9996 0.0349 0.4957 -0.8519
0.9996 0.0347 0.4958 -0.8523
0.9996 0.0345 0.4959 -0.8527
0.9996 0.0344 0.4961 -0.8531
0.9996 0.0342 0.4962 -0.8535
0.9996 0.0341 0.4963 -0.8538
0.9996 0.0339 0.4963 -0.8542
0.9996 0.0338 0.4964 -0.8545
0.9996 0.0336 0.4965 -0.8547
0.9996 0.0335 0.4966 -0.8550
0.9996 0.0333 0.4966 -0.8552
0.9996 0.0332 0.4967 -0.8555
0.9996 0.0331 0.4968 -0.8557
0.9996 0.0329 0.4968 -0.8559
0.9996 0.0328 0.4969 -0.8560
0.9996 0.0326 0.4969 -0.8562
0.9996 0.0325 0.4970 -0.8564
0.9996 0.0324 0.4970 -0.8565
0.9996 0.0322 0.4970 -0.8567
0.9996 0.0321 0.4971 -0.8568
0.9996 0.0320 0.4971 -0.8569
0.9996 0.0318 0.4971 -0.8570
0.9996 0.0317 0.4972 -0.8571
0.9996 0.0316 0.4972 -0.8572
0.9996 0.0314 0.4972 -0.8573
0.9996 0.0313 0.4972 -0.8574
0.9996 0.0312 0.4973 -0.8575
0.9996 0.0310 0.4973 -0.8576
0.9996 0.0309 0.4973 -0.8576
0.9996 0.0308 0.4973 -0.8577
0.9996 0.0307 0.4973 -0.8577
0.9996 0.0305 0.4974 -0.8578
0.9996 0.0304 0.4974 -0.8579
0.9996 0.0303 0.4974 -0.8579
0.9996 0.0302 0.4974 -0.8579
0.9996 0.0300 0.4974 -0.8580
0.9996 0.0299 0.4974 -0.8580
0.9996 0.0298 0.4974 -0.8581
0.9996 0.0297 0.4974 -0.8581
0.9996 0.0296 0.4974 -0.8581
0.9996 0.0295 0.4975 -0.8582
0.9996 0.0293 0.4975 -0.8582
0.9996 0.0292 0.4975 -0.8582
0.9996 0.0291 0.4975 -0.8582
0.9996 0.0290 0.4975 -0.8583
0.9996 0.0289 0.4975 -0.8583
0.9996 0.0288 0.4975 -0.8583
0.9996 0.0287 0.4975 -0.8583
0.9996 0.0286 0.4975 -0.8583
0.9996 0.0285 0.4975 -0.8583
0.9996 0.0283 0.4975 -0.8584
0.9996 0.0282 0.4975 -0.8584
0.9996 0.0281 0.4975 -0.8584
0.9996 0.0280 0.4975 -0.8584
0.9996 0.0279 0.4975 -0.8584
0.9996 0.0278 0.4975 -0.8584
0.9996 0.0277 0.4975 -0.8584
0.9996 0.0276 0.4975 -0.8584
0.9996 0.0275 0.4975 -0.8584
0.9996 0.0274 0.4975 -0.8585
0.9996 0.0273 0.4975 -0.8585
0.9996 0.0272 0.4975 -0.8585
0.9996 0.0271 0.4975 -0.8585
0.9996 0.0270 0.4975 -0.8585
0.9996 0.0269 0.4975 -0.8585
0.9996 0.0268 0.4975 -0.8585
0.9996 0.0267 0.4975 -0.8585
0.9996 0.0267 0.4975 -0.8585
0.9996 0.0266 0.4975 -0.8585
0.9996 0.0265 0.4975 -0.8585
0.9996 0.0264 0.4975 -0.8585
0.9996 0.0263 0.4975 -0.8585
0.9996 0.0262 0.4975 -0.8585
0.9996 0.0261 0.4975 -0.8585
0.9996 0.0260 0.4975 -0.8585
0.9996 0.0259 0.4975 -0.8585
0.9996 0.0258 0.4975 -0.8585
0.9996 0.0258 0.4975 -0.8585
0.9996 0.0257 0.4975 -0.8585
0.9996 0.0256 0.4975 -0.8585
0.9996 0.0255 0.4975 -0.8585
0.9996 0.0254 0.4975 -0.8585
0.9996 0.0253 0.4975 -0.8585
0.9996 0.0253 0.4975 -0.8585
0.9996 0.0252 0.4975 -0.8585
0.9996 0.0251 0.4975 -0.8585
0.9996 0.0250 0.4975 -0.8585
0.9996 0.0249 0.4975 -0.8585
0.9996 0.0249 0.4975 -0.8585
0.9996 0.0248 0.4975 -0.8585
0.9996 0.0247 0.4975 -0.8585
0.9996 0.0246 0.4975 -0.8585
0.9996 0.0245 0.4975 -0.8585
0.9996 0.0245 0.4975 -0.8585
0.9996 0.0244 0.4975 -0.8585
0.9996 0.0243 0.4975 -0.8585
0.9996 0.0242 0.4975 -0.8585
0.9996 0.0242 0.4975 -0.8585
0.9996 0.0241 0.4975 -0.8585
0.9996 0.0240 0.4975 -0.8585
0.9996 0.0240 0.4975 -0.8585
New Tracking: 
 J=3.4000 
 Q=0.2000 
 Q2=1.7700 
0.0100 0.0100 0.0100 0.0000
0.1236 0.0100 0.0094 -0.8871
0.2230 0.0100 0.0089 -0.5115
0.3100 0.0101 0.0085 -0.1691
0.3865 0.0104 0.0082 0.1347
0.4538 0.0108 0.0081 0.3975
0.5132 0.0114 0.0083 0.6194
0.5659 0.0123 0.0087 0.8025
0.6128 0.0134 0.0094 0.9505
0.6545 0.0148 0.0105 1.0675
0.6918 0.0163 0.0121 1.1578
0.7251 0.0181 0.0143 1.2251
0.7549 0.0201 0.0173 1.2724
0.7815 0.0221 0.0212 1.3017
0.8053 0.0243 0.0263 1.3143
0.8265 0.0264 0.0328 1.3109
0.8455 0.0286 0.0410 1.2913
0.8625 0.0307 0.0509 1.2557
0.8777 0.0327 0.0628 1.2045
0.8913 0.0345 0.0765 1.1386
0.9035 0.0362 0.0918 1.0601
0.9143 0.0377 0.1084 0.9716
0.9241 0.0390 0.1260 0.8762
0.9327 0.0402 0.1442 0.7771
0.9404 0.0412 0.1625 0.6769
0.9473 0.0420 0.1808 0.5778
0.9534 0.0427 0.1987 0.4816
0.9588 0.0432 0.2161 0.3893
0.9636 0.0437 0.2329 0.3016
0.9678 0.0441 0.2490 0.2190
0.9716 0.0444 0.2644 0.1414
0.9749 0.0446 0.2790 0.0690
0.9778 0.0448 0.2928 0.0015
0.9804 0.0449 0.3058 -0.0612
0.9827 0.0450 0.3181 -0.1193
0.9847 0.0451 0.3296 -0.1732
0.9865 0.0451 0.3405 -0.2231
0.9880 0.0451 0.3507 -0.2693
0.9894 0.0451 0.3603 -0.3120
0.9906 0.0450 0.3693 -0.3515
0.9917 0.0449 0.3777 -0.3881
0.9926 0.0449 0.3856 -0.4219
0.9934 0.0448 0.3929 -0.4532
0.9942 0.0446 0.3998 -0.4821
0.9948 0.0445 0.4063 -0.5090
0.9954 0.0444 0.4123 -0.5338
0.9959 0.0443 0.4180 -0.5568
0.9963 0.0441 0.4232 -0.5781
0.9967 0.0440 0.4282 -0.5978
0.9970 0.0438 0.4328 -0.6161
0.9973 0.0436 0.4371 -0.6331
0.9976 0.0435 0.4411 -0.6489
0.9978 0.0433 0.4449 -0.6635
0.9980 0.0431 0.4484 -0.6770
0.9982 0.0430 0.4517 -0.6896
0.9984 0.0428 0.4547 -0.7013
0.9985 0.0426 0.4576 -0.7122
0.9986 0.0424 0.4603 -0.7223
0.9987 0.0422 0.4627 -0.7317
0.9988 0.0421 0.4651 -0.7404
0.9989 0.0419 0.4672 -0.7485
0.9990 0.0417 0.4693 -0.7560
0.9991 0.0415 0.4712 -0.7631
0.9991 0.0413 0.4729 -0.7696
0.9992 0.0411 0.4746 -0.7757
0.9992 0.0410 0.4761 -0.7813
0.9993 0.0408 0.4776 -0.7866
0.9993 0.0406 0.4789 -0.7915
0.9993 0.0404 0.4801 -0.7960
0.9994 0.0402 0.4813 -0.8003
0.9994 0.0400 0.4824 -0.8042
0.9994 0.0398 0.4834 -0.8079
0.9994 0.0397 0.4844 -0.8113
0.9994 0.0395 0.4853 -0.8145
0.9995 0.0393 0.4861 -0.8175
0.9995 0.0391 0.4869 -0.8203
0.9995 0.0389 0.4876 -0.8229
0.9995 0.0387 0.4882 -0.8253
0.9995 0.0386 0.4889 -0.8275
0.9995 0.0384 0.4895 -0.8296
0.9995 0.0382 0.4900 -0.8316
0.9995 0.0380 0.4905 -0.8334
0.9995 0.0379 0.4910 -0.8351
0.9995 0.0377 0.4914 -0.8367
0.9996 0.0375 0.4918 -0.8382
0.9996 0.0373 0.4922 -0.8395
0.9996 0.0372 0.4926 -0.8408
0.9996 0.0370 0.4929 -0.8420
0.9996 0.0368 0.4932 -0.8431
0.9996 0.0366 0.4935 -0.8442
0.9996 0.0365 0.4938 -0.8451
0.9996 0.0363 0.4941 -0.8460
0.9996 0.0361 0.4943 -0.8469
0.9996 0.0360 0.4945 -0.8477
0.9996 0.0358 0.4947 -0.8484
0.9996 0.0357 0.4949 -0.8491
0.9996 0.0355 0.4951 -0.8497
0.9996 0.0353 0.4953 -0.8503
0.9996 0.0352 0.4954 -0.8509
0.9996 0.0350 0.4956 -0.8514
0.9996 0.0349 0.4957 -0.8519
0.9996 0.0347 0.4958 -0.8523
0.9996 0.0345 0.4959 -0.8527
0.9996 0.0344 0.4961 -0.8531
0.9996 0.0342 0.4962 -0.8535
0.9996 0.0341 0.4963 -0.8538
0.9996 0.0339 0.4963 -0.8542
0.9996 0.0338 0.4964 -0.8545
0.9996 0.0336 0.4965 -0.8547
0.9996 0.0335 0.4966 -0.8550
0.9996 0.0333 0.4966 -0.8552
0.9996 0.0332 0.4967 -0.8555
0.9996 0.0331 0.4968 -0.8557
0.9996 0.0329 0.4968 -0.8559
0.9996 0.0328 0.4969 -0.8560
0.9996 0.0326 0.4969 -0.8562
0.9996 0.0325 0.4970 -0.8564
0.9996 0.0324 0.4970 -0.8565
0.9996 0.0322 0.4970 -0.8567
0.9996 0.0321 0.4971 -0.8568
0.9996 0.0320 0.4971 -0.8569
0.9996 0.0318 0.4971 -0.8570
0.9996 0.0317 0.4972 -0.8571
0.9996 0.0316 0.4972 -0.8572
0.9996 0.0314 0.4972 -0.8573
0.9996 0.0313 0.4972 -0.8574
0.9996 0.0312 0.4973 -0.8575
0.9996 0.0310 0.4973 -0.8576
0.9996 0.0309 0.4973 -0.8576
0.9996 0.0308 0.4973 -0.8577
0.9996 0.0307 0.4973 -0.8577
0.9996 0.0305 0.4974 -0.8578
0.9996 0.0304 0.4974 -0.8579
0.9996 0.0303 0.4974 -0.8579
0.9996 0.0302 0.4974 -0.8579
0.9996 0.0300 0.4974 -0.8580
0.9996 0.0299 0.4974 -0.8580
0.9996 0.0298 0.4974 -0.8581
0.9996 0.0297 0.4974 -0.8581
0.9996 0.0296 0.4974 -0.8581
0.9996 0.0295 0.4975 -0.8582
0.9996 0.0293 0.4975 -0.8582
0.9996 0.0292 0.4975 -0.8582
0.9996 0.0291 0.4975 -0.8582
0.9996 0.0290 0.4975 -0.8583
0.9996 0.0289 0.4975 -0.8583
0.9996 0.0288 0.4975 -0.8583
0.9996 0.0287 0.4975 -0.8583
0.9996 0.0286 0.4975 -0.8583
0.9996 0.0285 0.4975 -0.8583
0.9996 0.0283 0.4975 -0.8584
0.9996 0.0282 0.4975 -0.8584
0.9996 0.0281 0.4975 -0.8584
0.9996 0.0280 0.4975 -0.8584
0.9996 0.0279 0.4975 -0.8584
0.9996 0.0278 0.4975 -0.8584
0.9996 0.0277 0.4975 -0.8584
0.9996 0.0276 0.4975 -0.8584
0.9996 0.0275 0.4975 -0.8584
0.9996 0.0274 0.4975 -0.8585
0.9996 0.0273 0.4975 -0.8585
0.9996 0.0272 0.4975 -0.8585
0.9996 0.0271 0.4975 -0.8585
0.9996 0.0270 0.4975 -0.8585
0.9996 0.0269 0.4975 -0.8585
0.9996 0.0268 0.4975 -0.8585
0.9996 0.0267 0.4975 -0.8585
0.9996 0.0267 0.4975 -0.8585
0.9996 0.0266 0.4975 -0.8585
0.9996 0.0265 0.4975 -0.8585
0.9996 0.0264 0.4975 -0.8585
0.9996 0.0263 0.4975 -0.8585
0.9996 0.0262 0.4975 -0.8585
0.9996 0.0261 0.4975 -0.8585
0.9996 0.0260 0.4975 -0.8585
0.9996 0.0259 0.4975 -0.8585
0.9996 0.0258 0.4975 -0.8585
0.9996 0.0258 0.4975 -0.8585
0.9996 0.0257 0.4975 -0.8585
0.9996 0.0256 0.4975 -0.8585
0.9996 0.0255 0.4975 -0.8585
0.9996 0.0254 0.4975 -0.8585
0.9996 0.0253 0.4975 -0.8585
0.9996 0.0253 0.4975 -0.8585
0.9996 0.0252 0.4975 -0.8585
0.9996 0.0251 0.4975 -0.8585
0.9996 0.0250 0.4975 -0.8585
0.9996 0.0249 0.4975 -0.8585
0.9996 0.0249 0.4975 -0.8585
0.9996 0.0248 0.4975 -0.8585
0.9996 0.0247 0.4975 -0.8585
0.9996 0.0246 0.4975 -0.8585
0.9996 0.0245 0.4975 -0.8585
0.9996 0.0245 0.4975 -0.8585
0.9996 0.0244 0.4975 -0.8585
0.9996 0.0243 0.4975 -0.8585
0.9996 0.0242 0.4975 -0.8585
0.9996 0.0242 0.4975 -0.8585
0.9996 0.0241 0.4975 -0.8585
0.9996 0.0240 0.4975 -0.8585
0.9996 0.0240 0.4975 -0.8585
New Tracking: 
 J=3.4000 
 Q=0.2000 
 Q2=1.7700 
0.0100 0.0100 0.0100 0.0000
0.3026 0.0104 0.0087 0.0693
0.5039 0.0120 0.0088 0.7403
0.6454 0.0154 0.0112 1.1192
0.7463 0.0207 0.0179 1.2987
0.8189 0.0270 0.0329 1.3381
0.8711 0.0332 0.0615 1.2471
0.9088 0.0384 0.1055 1.0211
0.9359 0.0419 0.1586 0.7104
0.9552 0.0441 0.2120 0.4039
0.9688 0.0453 0.2604 0.1461
0.9783 0.0458 0.3022 -0.0600
0.9848 0.0460 0.3373 -0.2228
0.9894 0.0459 0.3664 -0.3512
0.9925 0.0457 0.3904 -0.4526
0.9947 0.0453 0.4101 -0.5330
0.9962 0.0448 0.4263 -0.5968
0.9972 0.0443 0.4395 -0.6478
0.9979 0.0438 0.4503 -0.6885
0.9984 0.0433 0.4591 -0.7212
0.9988 0.0427 0.4662 -0.7474
0.9990 0.0421 0.4721 -0.7686
0.9992 0.0415 0.4768 -0.7857
0.9993 0.0410 0.4807 -0.7995
0.9994 0.0404 0.4838 -0.8106
0.9994 0.0398 0.4864 -0.8196
0.9995 0.0393 0.4885 -0.8270
0.9995 0.0387 0.4902 -0.8329
0.9995 0.0382 0.4916 -0.8377
0.9996 0.0376 0.4927 -0.8416
0.9996 0.0371 0.4936 -0.8448
0.9996 0.0366 0.4944 -0.8474
0.9996 0.0361 0.4950 -0.8495
0.9996 0.0356 0.4955 -0.8512
0.9996 0.0351 0.4959 -0.8526
0.9996 0.0347 0.4962 -0.8537
0.9996 0.0342 0.4964 -0.8546
0.9996 0.0338 0.4967 -0.8554
0.9996 0.0333 0.4968 -0.8560
0.9996 0.0329 0.4970 -0.8564
0.9996 0.0325 0.4971 -0.8568
0.9996 0.0321 0.4972 -0.8572
0.9996 0.0317 0.4973 -0.8574
0.9996 0.0313 0.4973 -0.8576
0.9996 0.0309 0.4974 -0.8578
0.9996 0.0305 0.4974 -0.8580
0.9996 0.0301 0.4974 -0.8581
0.9996 0.0298 0.4975 -0.8582
0.9996 0.0294 0.4975 -0.8582
0.9996 0.0291 0.4975 -0.8583
0.9996 0.0288 0.4975 -0.8584
0.9996 0.0284 0.4975 -0.8584
0.9996 0.0281 0.4975 -0.8584
0.9996 0.0278 0.4975 -0.8584
0.9996 0.0275 0.4975 -0.8585
0.9996 0.0272 0.4975 -0.8585
0.9996 0.0269 0.4975 -0.8585
0.9996 0.0266 0.4975 -0.8585
0.9996 0.0264 0.4975 -0.8585
0.9996 0.0261 0.4975 -0.8585
0.9996 0.0258 0.4975 -0.8585
0.9996 0.0256 0.4975 -0.8585
0.9996 0.0253 0.4975 -0.8585
0.9996 0.0251 0.4975 -0.8585
0.9996 0.0248 0.4975 -0.8585
0.9996 0.0246 0.4975 -0.8585
0.9996 0.0244 0.4975 -0.8585
0.9996 0.0242 0.4975 -0.8585
0.9996 0.0239 0.4975 -0.8585
0.9996 0.0237 0.4975 -0.8585
0.9996 0.0235 0.4975 -0.8585
0.9996 0.0233 0.4975 -0.8585
0.9996 0.0231 0.4975 -0.8585
0.9996 0.0229 0.4975 -0.8585
0.9996 0.0227 0.4975 -0.8585
0.9996 0.0225 0.4975 -0.8585
0.9996 0.0224 0.4975 -0.8585
0.9996 0.0222 0.4975 -0.8585
0.9996 0.0220 0.4975 -0.8585
0.9996 0.0219 0.4975 -0.8585
0.9996 0.0217 0.4975 -0.8585
0.9996 0.0215 0.4975 -0.8585
0.9996 0.0214 0.4975 -0.8585
0.9996 0.0212 0.4975 -0.8585
0.9996 0.0211 0.4975 -0.8585
0.9996 0.0209 0.4975 -0.8585
0.9996 0.0208 0.4975 -0.8585
0.9996 0.0206 0.4975 -0.8585
0.9996 0.0205 0.4975 -0.8585
0.9996 0.0204 0.4975 -0.8585
0.9996 0.0203 0.4975 -0.8585
0.9996 0.0201 0.4975 -0.8585
0.9996 0.0200 0.4975 -0.8585
0.9996 0.0199 0.4975 -0.8585
0.9996 0.0198 0.4975 -0.8585
0.9996 0.0197 0.4975 -0.8585
0.9996 0.0195 0.4975 -0.8585
0.9996 0.0194 0.4975 -0.8585
0.9996 0.0193 0.4975 -0.8585
0.9996 0.0192 0.4975 -0.8585
0.9996 0.0191 0.4975 -0.8585
0.9996 0.0190 0.4975 -0.8585
0.9996 0.0189 0.4975 -0.8585
0.9996 0.0188 0.4975 -0.8585
0.9996 0.0187 0.4975 -0.8585
0.9996 0.0186 0.4975 -0.8585
0.9996 0.0186 0.4975 -0.8585
0.9996 0.0185 0.4975 -0.8585
0.9996 0.0184 0.4975 -0.8585
0.9996 0.0183 0.4975 -0.8585
0.9996 0.0182 0.4975 -0.8585
0.9996 0.0181 0.4975 -0.8585
0.9996 0.0181 0.4975 -0.8585
0.9996 0.0180 0.4975 -0.8585
0.9996 0.0179 0.4975 -0.8585
0.9996 0.0178 0.4975 -0.8585
0.9996 0.0178 0.4975 -0.8585
0.9996 0.0177 0.4975 -0.8585
0.9996 0.0176 0.4975 -0.8585
0.9996 0.0176 0.4975 -0.8585
0.9996 0.0175 0.4975 -0.8585
0.9996 0.0175 0.4975 -0.8585
0.9996 0.0174 0.4975 -0.8585
0.9996 0.0173 0.4975 -0.8585
0.9996 0.0173 0.4975 -0.8585
0.9996 0.0172 0.4975 -0.8585
0.9996 0.0172 0.4975 -0.8585
0.9996 0.0171 0.4975 -0.8585
0.9996 0.0171 0.4975 -0.8585
0.9996 0.0170 0.4975 -0.8585
0.9996 0.0170 0.4975 -0.8585
0.9996 0.0169 0.4975 -0.8585
0.9996 0.0169 0.4975 -0.8585
0.9996 0.0168 0.4975 -0.8585
0.9996 0.0168 0.4975 -0.8585
0.9996 0.0167 0.4975 -0.8585
0.9996 0.0167 0.4975 -0.8585
0.9996 0.0166 0.4975 -0.8585
0.9996 0.0166 0.4975 -0.8585
0.9996 0.0166 0.4975 -0.8585
0.9996 0.0165 0.4975 -0.8585
0.9996 0.0165 0.4975 -0.8585
0.9996 0.0164 0.4975 -0.8585
0.9996 0.0164 0.4975 -0.8585
0.9996 0.0164 0.4975 -0.8585
0.9996 0.0163 0.4975 -0.8585
0.9996 0.0163 0.4975 -0.8585
0.9996 0.0163 0.4975 -0.8585
0.9996 0.0162 0.4975 -0.8585
0.9996 0.0162 0.4975 -0.8585
0.9996 0.0162 0.4975 -0.8585
0.9996 0.0161 0.4975 -0.8585
0.9996 0.0161 0.4975 -0.8585
0.9996 0.0161 0.4975 -0.8585
0.9996 0.0161 0.4975 -0.8585
0.9996 0.0160 0.4975 -0.8585
0.9996 0.0160 0.4975 -0.8585
0.9996 0.0160 0.4975 -0.8585
0.9996 0.0159 0.4975 -0.8585
0.9996 0.0159 0.4975 -0.8585
0.9996 0.0159 0.4975 -0.8585
0.9996 0.0159 0.4975 -0.8585
0.9996 0.0159 0.4975 -0.8585
0.9996 0.0158 0.4975 -0.8585
0.9996 0.0158 0.4975 -0.8585
0.9996 0.0158 0.4975 -0.8585
0.9996 0.0158 0.4975 -0.8585
0.9996 0.0157 0.4975 -0.8585
0.9996 0.0157 0.4975 -0.8585
0.9996 0.0157 0.4975 -0.8585
0.9996 0.0157 0.4975 -0.8585
0.9996 0.0157 0.4975 -0.8585
0.9996 0.0156 0.4975 -0.8585
0.9996 0.0156 0.4975 -0.8585
0.9996 0.0156 0.4975 -0.8585
0.9996 0.0156 0.4975 -0.8585
0.9996 0.0156 0.4975 -0.8585
0.9996 0.0156 0.4975 -0.8585
0.9996 0.0155 0.4975 -0.8585
0.9996 0.0155 0.4975 -0.8585
0.9996 0.0155 0.4975 -0.8585
0.9996 0.0155 0.4975 -0.8585
0.9996 0.0155 0.4975 -0.8585
0.9996 0.0155 0.4975 -0.8585
0.9996 0.0155 0.4975 -0.8585
0.9996 0.0154 0.4975 -0.8585
0.9996 0.0154 0.4975 -0.8585
0.9996 0.0154 0.4975 -0.8585
0.9996 0.0154 0.4975 -0.8585
0.9996 0.0154 0.4975 -0.8585
0.9996 0.0154 0.4975 -0.8585
0.9996 0.0154 0.4975 -0.8585
0.9996 0.0154 0.4975 -0.8585
0.9996 0.0153 0.4975 -0.8585
0.9996 0.0153 0.4975 -0.8585
0.9996 0.0153 0.4975 -0.8585
0.9996 0.0153 0.4975 -0.8585
0.9996 0.0153 0.4975 -0.8585
0.9996 0.0153 0.4975 -0.8585
0.9996 0.0153 0.4975 -0.8585
0.9996 0.0153 0.4975 -0.8585
New Tracking: 
 J=3.4000 
 Q=0.2000 
 Q2=1.7700 
0.9900 0.0100 0.9900 0.0000
0.9913 0.0099 0.9565 -1.7412
0.9924 0.0099 0.9253 -1.7280
0.9933 0.0098 0.8963 -1.7095
0.9942 0.0097 0.8692 -1.6870
0.9949 0.0096 0.8440 -1.6614
0.9956 0.0096 0.8205 -1.6334
0.9961 0.0095 0.7986 -1.6039
0.9966 0.0095 0.7782 -1.5734
0.9970 0.0094 0.7592 -1.5423
0.9974 0.0093 0.7414 -1.5111
0.9977 0.0093 0.7249 -1.4800
0.9980 0.0092 0.7095 -1.4493
0.9982 0.0092 0.6952 -1.4192
0.9984 0.0091 0.6818 -1.3898
0.9986 0.0091 0.6694 -1.3614
0.9988 0.0091 0.6577 -1.3339
0.9989 0.0090 0.6469 -1.3074
0.9990 0.0090 0.6368 -1.2819
0.9991 0.0090 0.6274 -1.2576
0.9992 0.0090 0.6187 -1.2343
0.9993 0.0089 0.6105 -1.2122
0.9994 0.0089 0.6029 -1.1911
0.9994 0.0089 0.5958 -1.1711
0.9995 0.0089 0.5891 -1.1521
0.9995 0.0089 0.5830 -1.1342
0.9995 0.0089 0.5772 -1.1172
0.9996 0.0089 0.5719 -1.1012
0.9996 0.0089 0.5669 -1.0860
0.9996 0.0089 0.5622 -1.0718
0.9996 0.0089 0.5578 -1.0583
0.9996 0.0089 0.5538 -1.0457
0.9997 0.0089 0.5500 -1.0338
0.9997 0.0089 0.5465 -1.0226
0.9997 0.0089 0.5432 -1.0121
0.9997 0.0090 0.5401 -1.0022
0.9997 0.0090 0.5373 -0.9930
0.9997 0.0090 0.5346 -0.9843
0.9997 0.0090 0.5321 -0.9761
0.9997 0.0090 0.5298 -0.9685
0.9997 0.0091 0.5276 -0.9613
0.9997 0.0091 0.5256 -0.9546
0.9997 0.0091 0.5237 -0.9484
0.9997 0.0091 0.5219 -0.9425
0.9997 0.0092 0.5203 -0.9370
0.9997 0.0092 0.5188 -0.9318
0.9997 0.0092 0.5174 -0.9270
0.9997 0.0092 0.5160 -0.9225
0.9997 0.0093 0.5148 -0.9183
0.9997 0.0093 0.5136 -0.9143
0.9997 0.0093 0.5125 -0.9107
0.9997 0.0094 0.5115 -0.9072
0.9997 0.0094 0.5106 -0.9040
0.9997 0.0094 0.5097 -0.9010
0.9997 0.0095 0.5089 -0.8982
0.9997 0.0095 0.5081 -0.8955
0.9996 0.0095 0.5074 -0.8931
0.9996 0.0096 0.5068 -0.8908
0.9996 0.0096 0.5061 -0.8886
0.9996 0.0096 0.5056 -0.8866
0.9996 0.0097 0.5050 -0.8848
0.9996 0.0097 0.5045 -0.8830
0.9996 0.0097 0.5040 -0.8814
0.9996 0.0098 0.5036 -0.8799
0.9996 0.0098 0.5032 -0.8784
0.9996 0.0098 0.5028 -0.8771
0.9996 0.0099 0.5025 -0.8759
0.9996 0.0099 0.5021 -0.8747
0.9996 0.0100 0.5018 -0.8736
0.9996 0.0100 0.5015 -0.8726
0.9996 0.0100 0.5013 -0.8717
0.9996 0.0101 0.5010 -0.8708
0.9996 0.0101 0.5008 -0.8700
0.9996 0.0101 0.5006 -0.8692
0.9996 0.0102 0.5004 -0.8685
0.9996 0.0102 0.5002 -0.8678
0.9996 0.0102 0.5000 -0.8672
0.9996 0.0103 0.4998 -0.8666
0.9996 0.0103 0.4997 -0.8661
0.9996 0.0103 0.4995 -0.8656
0.9996 0.0104 0.4994 -0.8651
0.9996 0.0104 0.4993 -0.8647
0.9996 0.0104 0.4991 -0.8643
0.9996 0.0105 0.4990 -0.8639
0.9996 0.0105 0.4989 -0.8635
0.9996 0.0105 0.4988 -0.8632
0.9996 0.0106 0.4987 -0.8629
0.9996 0.0106 0.4987 -0.8626
0.9996 0.0106 0.4986 -0.8623
0.9996 0.0107 0.4985 -0.8620
0.9996 0.0107 0.4984 -0.8618
0.9996 0.0107 0.4984 -0.8616
0.9996 0.0108 0.4983 -0.8614
0.9996 0.0108 0.4983 -0.8612
0.9996 0.0108 0.4982 -0.8610
0.9996 0.0109 0.4982 -0.8608
0.9996 0.0109 0.4981 -0.8607
0.9996 0.0109 0.4981 -0.8605
0.9996 0.0110 0.4980 -0.8604
0.9996 0.0110 0.4980 -0.8603
0.9996 0.0110 0.4980 -0.8602
0.9996 0.0110 0.4979 -0.8600
0.9996 0.0111 0.4979 -0.8599
0.9996 0.0111 0.4979 -0.8599
0.9996 0.0111 0.4979 -0.8598
0.9996 0.0112 0.4978 -0.8597
0.9996 0.0112 0.4978 -0.8596
0.9996 0.0112 0.4978 -0.8595
0.9996 0.0113 0.4978 -0.8595
0.9996 0.0113 0.4978 -0.8594
0.9996 0.0113 0.4977 -0.8593
0.9996 0.0113 0.4977 -0.8593
0.9996 0.0114 0.4977 -0.8592
0.9996 0.0114 0.4977 -0.8592
0.9996 0.0114 0.4977 -0.8591
0.9996 0.0114 0.4977 -0.8591
0.9996 0.0115 0.4977 -0.8591
0.9996 0.0115 0.4977 -0.8590
0.9996 0.0115 0.4976 -0.8590
0.9996 0.0116 0.4976 -0.8590
0.9996 0.0116 0.4976 -0.8589
0.9996 0.0116 0.4976 -0.8589
0.9996 0.0116 0.4976 -0.8589
0.9996 0.0117 0.4976 -0.8588
0.9996 0.0117 0.4976 -0.8588
0.9996 0.0117 0.4976 -0.8588
0.9996 0.0117 0.4976 -0.8588
0.9996 0.0118 0.4976 -0.8588
0.9996 0.0118 0.4976 -0.8587
0.9996 0.0118 0.4976 -0.8587
0.9996 0.0118 0.4976 -0.8587
0.9996 0.0119 0.4976 -0.8587
0.9996 0.0119 0.4976 -0.8587
0.9996 0.0119 0.4976 -0.8587
0.9996 0.0119 0.4976 -0.8587
0.9996 0.0119 0.4975 -0.8587
0.9996 0.0120 0.4975 -0.8586
0.9996 0.0120 0.4975 -0.8586
0.9996 0.0120 0.4975 -0.8586
0.9996 0.0120 0.4975 -0.8586
0.9996 0.0121 0.4975 -0.8586
0.9996 0.0121 0.4975 -0.8586
0.9996 0.0121 0.4975 -0.8586
0.9996 0.0121 0.4975 -0.8586
0.9996 0.0121 0.4975 -0.8586
0.9996 0.0122 0.4975 -0.8586
0.9996 0.0122 0.4975 -0.8586
0.9996 0.0122 0.4975 -0.8586
0.9996 0.0122 0.4975 -0.8586
0.9996 0.0123 0.4975 -0.8586
0.9996 0.0123 0.4975 -0.8586
0.9996 0.0123 0.4975 -0.8586
0.9996 0.0123 0.4975 -0.8586
0.9996 0.0123 0.4975 -0.8585
0.9996 0.0124 0.4975 -0.8585
0.9996 0.0124 0.4975 -0.8585
0.9996 0.0124 0.4975 -0.8585
0.9996 0.0124 0.4975 -0.8585
0.9996 0.0124 0.4975 -0.8585
0.9996 0.0125 0.4975 -0.8585
0.9996 0.0125 0.4975 -0.8585
0.9996 0.0125 0.4975 -0.8585
0.9996 0.0125 0.4975 -0.8585
0.9996 0.0125 0.4975 -0.8585
0.9996 0.0125 0.4975 -0.8585
0.9996 0.0126 0.4975 -0.8585
0.9996 0.0126 0.4975 -0.8585
0.9996 0.0126 0.4975 -0.8585
0.9996 0.0126 0.4975 -0.8585
0.9996 0.0126 0.4975 -0.8585
0.9996 0.0127 0.4975 -0.8585
0.9996 0.0127 0.4975 -0.8585
0.9996 0.0127 0.4975 -0.8585
0.9996 0.0127 0.4975 -0.8585
0.9996 0.0127 0.4975 -0.8585
0.9996 0.0127 0.4975 -0.8585
0.9996 0.0128 0.4975 -0.8585
0.9996 0.0128 0.4975 -0.8585
0.9996 0.0128 0.4975 -0.8585
0.9996 0.0128 0.4975 -0.8585
0.9996 0.0128 0.4975 -0.8585
0.9996 0.0128 0.4975 -0.8585
0.9996 0.0129 0.4975 -0.8585
0.9996 0.0129 0.4975 -0.8585
0.9996 0.0129 0.4975 -0.8585
0.9996 0.0129 0.4975 -0.8585
0.9996 0.0129 0.4975 -0.8585
0.9996 0.0129 0.4975 -0.8585
0.9996 0.0130 0.4975 -0.8585
0.9996 0.0130 0.4975 -0.8585
0.9996 0.0130 0.4975 -0.8585
0.9996 0.0130 0.4975 -0.8585
0.9996 0.0130 0.4975 -0.8585
0.9996 0.0130 0.4975 -0.8585
0.9996 0.0130 0.4975 -0.8585
0.9996 0.0131 0.4975 -0.8585
0.9996 0.0131 0.4975 -0.8585
0.9996 0.0131 0.4975 -0.8585
0.9996 0.0131 0.4975 -0.8585
0.9996 0.0131 0.4975 -0.8585
0.9996 0.0131 0.4975 -0.8585
New Tracking: 
 J=3.4000 
 Q=0.2000 
 Q2=1.7700 
0.9900 0.0100 0.9900 0.0000
0.9913 0.0099 0.9564 -1.7467
0.9924 0.0099 0.9250 -1.7348
0.9933 0.0098 0.8957 -1.7177
0.9942 0.0097 0.8683 -1.6966
0.9949 0.0096 0.8428 -1.6725
0.9956 0.0096 0.8189 -1.6462
0.9961 0.0095 0.7966 -1.6183
0.9966 0.0095 0.7757 -1.5894
0.9970 0.0094 0.7561 -1.5600
0.9974 0.0093 0.7377 -1.5303
0.9977 0.0093 0.7206 -1.5008
0.9980 0.0092 0.7044 -1.4715
0.9982 0.0092 0.6893 -1.4428
0.9984 0.0091 0.6750 -1.4146
0.9986 0.0091 0.6616 -1.3872
0.9988 0.0091 0.6490 -1.3606
0.9989 0.0090 0.6371 -1.3348
0.9990 0.0090 0.6259 -1.3098
0.9991 0.0090 0.6153 -1.2858
0.9992 0.0090 0.6053 -1.2626
0.9993 0.0089 0.5958 -1.2403
0.9994 0.0089 0.5868 -1.2189
0.9994 0.0089 0.5783 -1.1983
0.9995 0.0089 0.5703 -1.1786
0.9995 0.0089 0.5626 -1.1596
0.9995 0.0089 0.5553 -1.1414
0.9996 0.0089 0.5484 -1.1240
0.9996 0.0089 0.5418 -1.1073
0.9996 0.0089 0.5356 -1.0912
0.9996 0.0089 0.5296 -1.0758
0.9996 0.0090 0.5239 -1.0611
0.9996 0.0090 0.5184 -1.0469
0.9996 0.0090 0.5132 -1.0333
0.9997 0.0090 0.5082 -1.0202
0.9997 0.0090 0.5035 -1.0077
0.9997 0.0091 0.4989 -0.9957
0.9997 0.0091 0.4945 -0.9841
0.9997 0.0091 0.4903 -0.9730
0.9997 0.0092 0.4863 -0.9623
0.9996 0.0092 0.4824 -0.9520
0.9996 0.0093 0.4787 -0.9421
0.9996 0.0093 0.4752 -0.9326
0.9996 0.0093 0.4717 -0.9235
0.9996 0.0094 0.4684 -0.9146
0.9996 0.0094 0.4652 -0.9061
0.9996 0.0095 0.4622 -0.8979
0.9996 0.0095 0.4592 -0.8900
0.9996 0.0096 0.4563 -0.8823
0.9996 0.0097 0.4536 -0.8750
0.9996 0.0097 0.4509 -0.8679
0.9996 0.0098 0.4484 -0.8610
0.9996 0.0098 0.4459 -0.8543
0.9996 0.0099 0.4435 -0.8479
0.9996 0.0100 0.4412 -0.8417
0.9996 0.0100 0.4389 -0.8357
0.9996 0.0101 0.4368 -0.8299
0.9995 0.0102 0.4347 -0.8243
0.9995 0.0102 0.4326 -0.8188
0.9995 0.0103 0.4306 -0.8136
0.9995 0.0104 0.4287 -0.8084
0.9995 0.0105 0.4269 -0.8035
0.9995 0.0105 0.4251 -0.7987
0.9995 0.0106 0.4233 -0.7940
0.9995 0.0107 0.4216 -0.7895
0.9995 0.0108 0.4200 -0.7851
0.9995 0.0108 0.4184 -0.7809
0.9995 0.0109 0.4168 -0.7767
0.9995 0.0110 0.4153 -0.7727
0.9995 0.0111 0.4139 -0.7688
0.9995 0.0112 0.4124 -0.7650
0.9995 0.0112 0.4110 -0.7614
0.9995 0.0113 0.4097 -0.7578
0.9995 0.0114 0.4084 -0.7543
0.9994 0.0115 0.4071 -0.7509
0.9994 0.0116 0.4059 -0.7476
0.9994 0.0117 0.4046 -0.7444
0.9994 0.0118 0.4035 -0.7413
0.9994 0.0118 0.4023 -0.7383
0.9994 0.0119 0.4012 -0.7353
0.9994 0.0120 0.4001 -0.7324
0.9994 0.0121 0.3990 -0.7296
0.9994 0.0122 0.3980 -0.7269
0.9994 0.0123 0.3970 -0.7242
0.9994 0.0124 0.3960 -0.7216
0.9994 0.0125 0.3950 -0.7191
0.9994 0.0125 0.3941 -0.7167
0.9994 0.0126 0.3932 -0.7142
0.9994 0.0127 0.3923 -0.7119
0.9994 0.0128 0.3914 -0.7096
0.9994 0.0129 0.3906 -0.7074
0.9994 0.0130 0.3897 -0.7052
0.9994 0.0131 0.3889 -0.7031
0.9994 0.0132 0.3881 -0.7010
0.9994 0.0133 0.3873 -0.6990
0.9994 0.0134 0.3866 -0.6970
0.9994 0.0134 0.3858 -0.6951
0.9994 0.0135 0.3851 -0.6932
0.9994 0.0136 0.3844 -0.6913
0.9994 0.0137 0.3837 -0.6895
0.9994 0.0138 0.3830 -0.6878
0.9993 0.0139 0.3824 -0.6861
0.9993 0.0140 0.3817 -0.6844
0.9993 0.0141 0.3811 -0.6827
0.9993 0.0142 0.3805 -0.6811
0.9993 0.0143 0.3799 -0.6795
0.9993 0.0144 0.3793 -0.6780
0.9993 0.0144 0.3787 -0.6765
0.9993 0.0145 0.3781 -0.6750
0.9993 0.0146 0.3776 -0.6736
0.9993 0.0147 0.3770 -0.6722
0.9993 0.0148 0.3765 -0.6708
0.9993 0.0149 0.3760 -0.6695
0.9993 0.0150 0.3755 -0.6682
0.9993 0.0151 0.3750 -0.6669
0.9993 0.0152 0.3745 -0.6656
0.9993 0.0153 0.3740 -0.6644
0.9993 0.0154 0.3735 -0.6632
0.9993 0.0154 0.3731 -0.6620
0.9993 0.0155 0.3726 -0.6608
0.9993 0.0156 0.3722 -0.6597
0.9993 0.0157 0.3718 -0.6586
0.9993 0.0158 0.3713 -0.6575
0.9993 0.0159 0.3709 -0.6564
0.9993 0.0160 0.3705 -0.6554
0.9993 0.0161 0.3701 -0.6544
0.9993 0.0161 0.3697 -0.6534
0.9993 0.0162 0.3694 -0.6524
0.9993 0.0163 0.3690 -0.6514
0.9993 0.0164 0.3686 -0.6505
0.9993 0.0165 0.3683 -0.6495
0.9993 0.0166 0.3679 -0.6486
0.9993 0.0167 0.3676 -0.6477
0.9993 0.0168 0.3672 -0.6469
0.9993 0.0168 0.3669 -0.6460
0.9993 0.0169 0.3666 -0.6452
0.9993 0.0170 0.3662 -0.6444
0.9993 0.0171 0.3659 -0.6436
0.9993 0.0172 0.3656 -0.6428
0.9993 0.0173 0.3653 -0.6420
0.9993 0.0173 0.3650 -0.6412
0.9993 0.0174 0.3647 -0.6405
0.9993 0.0175 0.3644 -0.6398
0.9993 0.0176 0.3642 -0.6391
0.9993 0.0177 0.3639 -0.6384
0.9993 0.0178 0.3636 -0.6377
0.9993 0.0178 0.3633 -0.6370
0.9993 0.0179 0.3631 -0.6363
0.9993 0.0180 0.3628 -0.6357
0.9993 0.0181 0.3626 -0.6350
0.9993 0.0182 0.3623 -0.6344
0.9993 0.0182 0.3621 -0.6338
0.9993 0.0183 0.3619 -0.6332
0.9993 0.0184 0.3616 -0.6326
0.9993 0.0185 0.3614 -0.6320
0.9993 0.0186 0.3612 -0.6315
0.9993 0.0186 0.3610 -0.6309
0.9993 0.0187 0.3607 -0.6304
0.9993 0.0188 0.3605 -0.6298
0.9993 0.0189 0.3603 -0.6293
0.9993 0.0189 0.3601 -0.6288
0.9993 0.0190 0.3599 -0.6283
0.9993 0.0191 0.3597 -0.6278
0.9992 0.0192 0.3595 -0.6273
0.9992 0.0192 0.3593 -0.6268
0.9992 0.0193 0.3592 -0.6263
0.9992 0.0194 0.3590 -0.6259
0.9992 0.0195 0.3588 -0.6254
0.9992 0.0195 0.3586 -0.6250
0.9992 0.0196 0.3584 -0.6245
0.9992 0.0197 0.3583 -0.6241
0.9992 0.0198 0.3581 -0.6237
0.9992 0.0198 0.3579 -0.6232
0.9992 0.0199 0.3578 -0.6228
0.9992 0.0200 0.3576 -0.6224
0.9992 0.0200 0.3575 -0.6220
0.9992 0.0201 0.3573 -0.6217
0.9992 0.0202 0.3572 -0.6213
0.9992 0.0203 0.3570 -0.6209
0.9992 0.0203 0.3569 -0.6205
0.9992 0.0204 0.3567 -0.6202
0.9992 0.0205 0.3566 -0.6198
0.9992 0.0205 0.3565 -0.6195
0.9992 0.0206 0.3563 -0.6191
0.9992 0.0207 0.3562 -0.6188
0.9992 0.0207 0.3561 -0.6185
0.9992 0.0208 0.3559 -0.6181
0.9992 0.0209 0.3558 -0.6178
0.9992 0.0209 0.3557 -0.6175
0.9992 0.0210 0.3556 -0.6172
0.9992 0.0211 0.3554 -0.6169
0.9992 0.0211 0.3553 -0.6166
0.9992 0.0212 0.3552 -0.6163
0.9992 0.0213 0.3551 -0.6160
0.9992 0.0213 0.3550 -0.6158
0.9992 0.0214 0.3549 -0.6155
0.9992 0.0215 0.3548 -0.6152
0.9992 0.0215 0.3547 -0.6149
0.9992 0.0216 0.3546 -0.6147
0.9992 0.0216 0.3545 -0.6144
0.9992 0.0217 0.3544 -0.6142
New Tracking: 
 J=3.4000 
 Q=0.2000 
 Q2=1.7700 
0.9900 0.0100 0.9900 0.0000
0.9913 0.0099 0.9901 -1.0636
0.9924 0.0099 0.9901 -1.0636
0.9933 0.0098 0.9902 -1.0637
0.9942 0.0097 0.9903 -1.0637
0.9949 0.0096 0.9903 -1.0637
0.9956 0.0096 0.9904 -1.0637
0.9961 0.0095 0.9904 -1.0637
0.9966 0.0094 0.9905 -1.0637
0.9970 0.0094 0.9905 -1.0637
0.9974 0.0093 0.9905 -1.0637
0.9977 0.0092 0.9906 -1.0637
0.9980 0.0092 0.9906 -1.0637
0.9983 0.0091 0.9906 -1.0637
0.9985 0.0090 0.9907 -1.0637
0.9987 0.0090 0.9907 -1.0637
0.9988 0.0089 0.9907 -1.0637
0.9990 0.0088 0.9907 -1.0637
0.9991 0.0088 0.9908 -1.0637
0.9992 0.0087 0.9908 -1.0637
0.9993 0.0087 0.9908 -1.0637
0.9994 0.0086 0.9908 -1.0637
0.9995 0.0085 0.9908 -1.0637
0.9995 0.0085 0.9909 -1.0637
0.9996 0.0084 0.9909 -1.0637
0.9996 0.0084 0.9909 -1.0637
0.9997 0.0083 0.9909 -1.0637
0.9997 0.0082 0.9909 -1.0637
0.9998 0.0082 0.9909 -1.0637
0.9998 0.0081 0.9909 -1.0637
0.9998 0.0081 0.9910 -1.0637
0.9998 0.0080 0.9910 -1.0637
0.9998 0.0079 0.9910 -1.0637
0.9999 0.0079 0.9910 -1.0637
0.9999 0.0078 0.9910 -1.0637
0.9999 0.0078 0.9910 -1.0637
0.9999 0.0077 0.9910 -1.0637
0.9999 0.0077 0.9910 -1.0637
0.9999 0.0076 0.9910 -1.0637
0.9999 0.0076 0.9910 -1.0637
0.9999 0.0075 0.9910 -1.0637
0.9999 0.0075 0.9910 -1.0637
0.9999 0.0074 0.9910 -1.0637
0.9999 0.0074 0.9910 -1.0637
1.0000 0.0073 0.9910 -1.0637
1.0000 0.0072 0.9910 -1.0637
1.0000 0.0072 0.9910 -1.0637
1.0000 0.0071 0.9911 -1.0637
1.0000 0.0071 0.9911 -1.0637
1.0000 0.0070 0.9911 -1.0637
1.0000 0.0070 0.9911 -1.0637
1.0000 0.0070 0.9911 -1.0637
1.0000 0.0069 0.9911 -1.0637
1.0000 0.0069 0.9911 -1.0637
1.0000 0.0068 0.9911 -1.0637
1.0000 0.0068 0.9911 -1.0637
1.0000 0.0067 0.9911 -1.0637
1.0000 0.0067 0.9911 -1.0637
1.0000 0.0066 0.9911 -1.0637
1.0000 0.0066 0.9911 -1.0637
1.0000 0.0065 0.9911 -1.0637
1.0000 0.0065 0.9911 -1.0637
1.0000 0.0064 0.9911 -1.0637
1.0000 0.0064 0.9911 -1.0637
1.0000 0.0064 0.9911 -1.0637
1.0000 0.0063 0.9911 -1.0637
1.0000 0.0063 0.9911 -1.0637
1.0000 0.0062 0.9911 -1.0637
1.0000 0.0062 0.9911 -1.0637
1.0000 0.0061 0.9911 -1.0637
1.0000 0.0061 0.9911 -1.0637
1.0000 0.0061 0.9911 -1.0637
1.0000 0.0060 0.9911 -1.0637
1.0000 0.0060 0.9911 -1.0637
1.0000 0.0059 0.9911 -1.0637
1.0000 0.0059 0.9911 -1.0637
1.0000 0.0059 0.9911 -1.0637
1.0000 0.0058 0.9911 -1.0637
1.0000 0.0058 0.9911 -1.0637
1.0000 0.0057 0.9911 -1.0637
1.0000 0.0057 0.9911 -1.0637
1.0000 0.0057 0.9911 -1.0637
1.0000 0.0056 0.9911 -1.0637
1.0000 0.0056 0.9911 -1.0637
1.0000 0.0055 0.9911 -1.0637
1.0000 0.0055 0.9911 -1.0637
1.0000 0.0055 0.9911 -1.0637
1.0000 0.0054 0.9911 -1.0637
1.0000 0.0054 0.9911 -1.0637
1.0000 0.0054 0.9911 -1.0637
1.0000 0.0053 0.9911 -1.0637
1.0000 0.0053 0.9911 -1.0637
1.0000 0.0053 0.9911 -1.0637
1.0000 0.0052 0.9911 -1.0637
1.0000 0.0052 0.9911 -1.0637
1.0000 0.0052 0.9911 -1.0637
1.0000 0.0051 0.9911 -1.0637
1.0000 0.0051 0.9911 -1.0637
1.0000 0.0051 0.9911 -1.0637
1.0000 0.0050 0.9911 -1.0637
1.0000 0.0050 0.9911 -1.0637
1.0000 0.0050 0.9911 -1.0637
1.0000 0.0049 0.9911 -1.0637
1.0000 0.0049 0.9911 -1.0637
1.0000 0.0049 0.9911 -1.0637
1.0000 0.0048 0.9911 -1.0637
1.0000 0.0048 0.9911 -1.0637
1.0000 0.0048 0.9911 -1.0637
1.0000 0.0047 0.9911 -1.0637
1.0000 0.0047 0.9911 -1.0637
1.0000 0.0047 0.9911 -1.0637
1.0000 0.0046 0.9911 -1.0637
1.0000 0.0046 0.9911 -1.0637
1.0000 0.0046 0.9911 -1.0637
1.0000 0.0046 0.9911 -1.0637
1.0000 0.0045 0.9911 -1.0637
1.0000 0.0045 0.9911 -1.0637
1.0000 0.0045 0.9911 -1.0637
1.0000 0.0044 0.9911 -1.0637
1.0000 0.0044 0.9911 -1.0637
1.0000 0.0044 0.9911 -1.0637
1.0000 0.0044 0.9911 -1.0637
1.0000 0.0043 0.9911 -1.0637
1.0000 0.0043 0.9911 -1.0637
1.0000 0.0043 0.9911 -1.0637
1.0000 0.0042 0.9911 -1.0637
1.0000 0.0042 0.9911 -1.0637
1.0000 0.0042 0.9911 -1.0637
1.0000 0.0042 0.9911 -1.0637
1.0000 0.0041 0.9911 -1.0637
1.0000 0.0041 0.9911 -1.0637
1.0000 0.0041 0.9911 -1.0637
1.0000 0.0041 0.9911 -1.0637
1.0000 0.0040 0.9911 -1.0637
1.0000 0.0040 0.9911 -1.0637
1.0000 0.0040 0.9911 -1.0637
1.0000 0.0040 0.9911 -1.0637
1.0000 0.0039 0.9911 -1.0637
1.0000 0.0039 0.9911 -1.0637
1.0000 0.0039 0.9911 -1.0637
1.0000 0.0039 0.9911 -1.0637
1.0000 0.0038 0.9911 -1.0637
1.0000 0.0038 0.9911 -1.0637
1.0000 0.0038 0.9911 -1.0637
1.0000 0.0038 0.9911 -1.0637
1.0000 0.0037 0.9911 -1.0637
1.0000 0.0037 0.9911 -1.0637
1.0000 0.0037 0.9911 -1.0637
1.0000 0.0037 0.9911 -1.0637
1.0000 0.0037 0.9911 -1.0637
1.0000 0.0036 0.9911 -1.0637
1.0000 0.0036 0.9911 -1.0637
1.0000 0.0036 0.9911 -1.0637
1.0000 0.0036 0.9911 -1.0637
1.0000 0.0035 0.9911 -1.0637
1.0000 0.0035 0.9911 -1.0637
1.0000 0.0035 0.9911 -1.0637
1.0000 0.0035 0.9911 -1.0637
1.0000 0.0035 0.9911 -1.0637
1.0000 0.0034 0.9911 -1.0637
1.0000 0.0034 0.9911 -1.0637
1.0000 0.0034 0.9911 -1.0637
1.0000 0.0034 0.9911 -1.0637
1.0000 0.0034 0.9911 -1.0637
1.0000 0.0033 0.9911 -1.0637
1.0000 0.0033 0.9911 -1.0637
1.0000 0.0033 0.9911 -1.0637
1.0000 0.0033 0.9911 -1.0637
1.0000 0.0033 0.9911 -1.0638
1.0000 0.0032 0.9911 -1.0638
1.0000 0.0032 0.9911 -1.0638
1.0000 0.0032 0.9911 -1.0638
1.0000 0.0032 0.9911 -1.0638
1.0000 0.0032 0.9911 -1.0638
1.0000 0.0032 0.9911 -1.0638
1.0000 0.0031 0.9911 -1.0638
1.0000 0.0031 0.9911 -1.0638
1.0000 0.0031 0.9911 -1.0638
1.0000 0.0031 0.9911 -1.0638
1.0000 0.0031 0.9911 -1.0638
1.0000 0.0031 0.9911 -1.0638
1.0000 0.0030 0.9911 -1.0638
1.0000 0.0030 0.9911 -1.0638
1.0000 0.0030 0.9911 -1.0638
1.0000 0.0030 0.9911 -1.0638
1.0000 0.0030 0.9911 -1.0638
1.0000 0.0029 0.9911 -1.0638
1.0000 0.0029 0.9911 -1.0638
1.0000 0.0029 0.9911 -1.0638
1.0000 0.0029 0.9911 -1.0638
1.0000 0.0029 0.9911 -1.0638
1.0000 0.0029 0.9911 -1.0638
1.0000 0.0029 0.9911 -1.0638
1.0000 0.0028 0.9911 -1.0638
1.0000 0.0028 0.9911 -1.0638
1.0000 0.0028 0.9911 -1.0638
1.0000 0.0028 0.9911 -1.0638
1.0000 0.0028 0.9911 -1.0638
1.0000 0.0028 0.9911 -1.0638
1.0000 0.0027 0.9911 -1.0638
1.0000 0.0027 0.9911 -1.0638
New Tracking: 
 J=3.4000 
 Q=0.2000 
 Q2=1.7700 
0.0100 0.0100 0.0100 0.0000
0.0138 0.0103 0.0097 1.0063
0.0191 0.0105 0.0095 1.0056
0.0264 0.0108 0.0092 1.0044
0.0363 0.0111 0.0090 1.0020
0.0500 0.0114 0.0088 0.9976
0.0686 0.0117 0.0086 0.9894
0.0937 0.0120 0.0085 0.9743
0.1268 0.0124 0.0083 0.9478
0.1691 0.0128 0.0083 0.9037
0.2208 0.0132 0.0082 0.8368
0.2803 0.0137 0.0082 0.7467
0.3443 0.0142 0.0083 0.6413
0.4092 0.0147 0.0083 0.5328
0.4720 0.0152 0.0084 0.4318
0.5308 0.0157 0.0085 0.3441
0.5848 0.0162 0.0086 0.2711
0.6335 0.0168 0.0087 0.2119
0.6770 0.0173 0.0088 0.1647
0.7158 0.0178 0.0089 0.1275
0.7501 0.0184 0.0090 0.0983
0.7804 0.0189 0.0091 0.0757
0.8071 0.0194 0.0092 0.0581
0.8306 0.0199 0.0093 0.0445
0.8512 0.0204 0.0094 0.0340
0.8694 0.0210 0.0096 0.0259
0.8853 0.0215 0.0097 0.0196
0.8992 0.0220 0.0098 0.0148
0.9115 0.0225 0.0099 0.0112
0.9222 0.0230 0.0101 0.0083
0.9316 0.0235 0.0102 0.0062
0.9398 0.0239 0.0103 0.0045
0.9471 0.0244 0.0104 0.0032
0.9534 0.0249 0.0106 0.0023
0.9589 0.0254 0.0107 0.0015
0.9637 0.0259 0.0109 0.0009
0.9680 0.0263 0.0110 0.0005
0.9717 0.0268 0.0111 0.0002
0.9749 0.0273 0.0113 -0.0001
0.9778 0.0277 0.0114 -0.0003
0.9803 0.0282 0.0116 -0.0004
0.9825 0.0286 0.0117 -0.0005
0.9844 0.0291 0.0119 -0.0006
0.9860 0.0295 0.0120 -0.0007
0.9875 0.0300 0.0122 -0.0007
0.9888 0.0304 0.0123 -0.0007
0.9899 0.0308 0.0125 -0.0008
0.9909 0.0313 0.0127 -0.0008
0.9917 0.0317 0.0128 -0.0008
0.9925 0.0321 0.0130 -0.0008
0.9931 0.0326 0.0132 -0.0008
0.9937 0.0330 0.0133 -0.0008
0.9942 0.0334 0.0135 -0.0008
0.9947 0.0338 0.0137 -0.0008
0.9950 0.0342 0.0139 -0.0008
0.9954 0.0346 0.0140 -0.0008
0.9957 0.0350 0.0142 -0.0008
0.9959 0.0354 0.0144 -0.0008
0.9962 0.0358 0.0146 -0.0008
0.9964 0.0362 0.0148 -0.0008
0.9965 0.0366 0.0150 -0.0008
0.9967 0.0370 0.0152 -0.0008
0.9968 0.0374 0.0154 -0.0008
0.9969 0.0378 0.0156 -0.0007
0.9970 0.0382 0.0158 -0.0007
0.9971 0.0386 0.0160 -0.0007
0.9972 0.0389 0.0162 -0.0007
0.9973 0.0393 0.0164 -0.0007
0.9973 0.0397 0.0166 -0.0007
0.9974 0.0400 0.0168 -0.0007
0.9974 0.0404 0.0170 -0.0007
0.9975 0.0408 0.0173 -0.0007
0.9975 0.0411 0.0175 -0.0007
0.9975 0.0415 0.0177 -0.0007
0.9976 0.0418 0.0179 -0.0007
0.9976 0.0422 0.0182 -0.0007
0.9976 0.0425 0.0184 -0.0007
0.9976 0.0429 0.0187 -0.0007
0.9976 0.0432 0.0189 -0.0007
0.9976 0.0436 0.0191 -0.0007
0.9977 0.0439 0.0194 -0.0006
0.9977 0.0442 0.0197 -0.0006
0.9977 0.0446 0.0199 -0.0006
0.9977 0.0449 0.0202 -0.0006
0.9977 0.0452 0.0204 -0.0006
0.9977 0.0456 0.0207 -0.0006
0.9977 0.0459 0.0210 -0.0006
0.9977 0.0462 0.0212 -0.0006
0.9977 0.0465 0.0215 -0.0006
0.9977 0.0468 0.0218 -0.0006
0.9977 0.0472 0.0221 -0.0006
0.9977 0.0475 0.0224 -0.0006
0.9977 0.0478 0.0227 -0.0006
0.9977 0.0481 0.0230 -0.0006
0.9977 0.0484 0.0233 -0.0006
0.9977 0.0487 0.0236 -0.0006
0.9977 0.0490 0.0239 -0.0006
0.9977 0.0493 0.0242 -0.0006
0.9977 0.0496 0.0245 -0.0006
0.9977 0.0499 0.0248 -0.0006
0.9977 0.0502 0.0252 -0.0006
0.9977 0.0505 0.0255 -0.0006
0.9977 0.0507 0.0258 -0.0006
0.9977 0.0510 0.0262 -0.0006
0.9977 0.0513 0.0265 -0.0006
0.9977 0.0516 0.0269 -0.0006
0.9977 0.0519 0.0272 -0.0006
0.9977 0.0521 0.0276 -0.0006
0.9977 0.0524 0.0280 -0.0006
0.9977 0.0527 0.0283 -0.0006
0.9977 0.0530 0.0287 -0.0006
0.9977 0.0532 0.0291 -0.0006
0.9977 0.0535 0.0295 -0.0006
0.9977 0.0538 0.0299 -0.0006
0.9977 0.0540 0.0303 -0.0006
0.9977 0.0543 0.0307 -0.0006
0.9977 0.0545 0.0311 -0.0006
0.9977 0.0548 0.0315 -0.0007
0.9977 0.0550 0.0319 -0.0007
0.9977 0.0553 0.0323 -0.0007
0.9977 0.0555 0.0328 -0.0007
0.9977 0.0558 0.0332 -0.0007
0.9977 0.0560 0.0336 -0.0007
0.9977 0.0563 0.0341 -0.0007
0.9978 0.0565 0.0345 -0.0007
0.9978 0.0568 0.0350 -0.0007
0.9978 0.0570 0.0355 -0.0007
0.9978 0.0572 0.0359 -0.0008
0.9978 0.0575 0.0364 -0.0008
0.9978 0.0577 0.0369 -0.0008
0.9978 0.0579 0.0374 -0.0008
0.9978 0.0582 0.0379 -0.0008
0.9978 0.0584 0.0384 -0.0008
0.9978 0.0586 0.0389 -0.0008
0.9978 0.0588 0.0395 -0.0009
0.9978 0.0591 0.0400 -0.0009
0.9978 0.0593 0.0405 -0.0009
0.9978 0.0595 0.0411 -0.0009
0.9978 0.0597 0.0416 -0.0009
0.9978 0.0599 0.0422 -0.0010
0.9978 0.0601 0.0428 -0.0010
0.9978 0.0604 0.0434 -0.0010
0.9978 0.0606 0.0439 -0.0010
0.9978 0.0608 0.0445 -0.0011
0.9978 0.0610 0.0452 -0.0011
0.9978 0.0612 0.0458 -0.0011
0.9978 0.0614 0.0464 -0.0012
0.9978 0.0616 0.0470 -0.0012
0.9978 0.0618 0.0477 -0.0012
0.9978 0.0620 0.0483 -0.0013
0.9978 0.0622 0.0490 -0.0013
0.9978 0.0624 0.0497 -0.0013
0.9978 0.0626 0.0504 -0.0014
0.9978 0.0628 0.0511 -0.0014
0.9978 0.0630 0.0518 -0.0014
0.9978 0.0631 0.0525 -0.0015
0.9978 0.0633 0.0532 -0.0015
0.9978 0.0635 0.0540 -0.0016
0.9978 0.0637 0.0547 -0.0016
0.9978 0.0639 0.0555 -0.0017
0.9978 0.0641 0.0562 -0.0017
0.9978 0.0642 0.0570 -0.0018
0.9978 0.0644 0.0578 -0.0018
0.9978 0.0646 0.0587 -0.0019
0.9978 0.0648 0.0595 -0.0020
0.9978 0.0649 0.0603 -0.0020
0.9978 0.0651 0.0612 -0.0021
0.9978 0.0653 0.0621 -0.0022
0.9978 0.0654 0.0629 -0.0022
0.9978 0.0656 0.0638 -0.0023
0.9978 0.0658 0.0648 -0.0024
0.9978 0.0659 0.0657 -0.0025
0.9978 0.0661 0.0666 -0.0025
0.9978 0.0663 0.0676 -0.0026
0.9978 0.0664 0.0686 -0.0027
0.9978 0.0666 0.0696 -0.0028
0.9978 0.0667 0.0706 -0.0029
0.9978 0.0669 0.0716 -0.0030
0.9978 0.0670 0.0727 -0.0031
0.9978 0.0672 0.0738 -0.0032
0.9978 0.0673 0.0749 -0.0033
0.9978 0.0675 0.0760 -0.0034
0.9978 0.0676 0.0771 -0.0036
0.9978 0.0678 0.0783 -0.0037
0.9978 0.0679 0.0794 -0.0038
0.9978 0.0680 0.0806 -0.0040
0.9978 0.0682 0.0819 -0.0041
0.9978 0.0683 0.0831 -0.0042
0.9978 0.0685 0.0844 -0.0044
0.9978 0.0686 0.0857 -0.0046
0.9978 0.0687 0.0870 -0.0047
0.9978 0.0689 0.0884 -0.0049
0.9978 0.0690 0.0897 -0.0051
0.9978 0.0691 0.0912 -0.0053
0.9978 0.0692 0.0926 -0.0055
0.9978 0.0694 0.0941 -0.0057
0.9978 0.0695 0.0956 -0.0059
0.9978 0.0696 0.0971 -0.0062
0.9978 0.0697 0.0987 -0.0064
0.9978 0.0698 0.1003 -0.0066
0.9978 0.0699 0.1019 -0.0069
