0.0000 0.0000 0.0000
0.0105 0.0000 0.0020
0.0210 0.0000 0.0041
0.0315 0.0000 0.0061
0.0420 0.0000 0.0082
0.0525 0.0000 0.0104
0.0630 0.0000 0.0126
0.0734 0.0000 0.0149
0.0839 0.0000 0.0172
0.0943 0.0000 0.0197
0.1047 0.0000 0.0223
0.1150 0.0001 0.0250
0.1253 0.0001 0.0279
0.1356 0.0002 0.0310
0.1458 0.0005 0.0343
0.1558 0.0010 0.0379
0.1657 0.0020 0.0419
0.1752 0.0041 0.0463
0.1840 0.0077 0.0513
0.1914 0.0132 0.0567
0.1969 0.0204 0.0624
0.2007 0.0286 0.0681
0.2032 0.0374 0.0737
0.2050 0.0463 0.0794
0.2063 0.0553 0.0849
0.2072 0.0645 0.0904
0.2079 0.0737 0.0958
0.2085 0.0829 0.1012
0.2090 0.0922 0.1065
0.2095 0.1015 0.1118
0.2100 0.1108 0.1171
0.2104 0.1201 0.1224
0.2108 0.1294 0.1276
0.2112 0.1388 0.1328
0.2116 0.1482 0.1379
0.2120 0.1575 0.1431
0.2124 0.1669 0.1482
0.2127 0.1763 0.1534
0.2131 0.1857 0.1585
0.2135 0.1951 0.1637
0.2138 0.2044 0.1688
0.2142 0.2138 0.1740
0.2145 0.2232 0.1791
0.2149 0.2325 0.1843
0.2152 0.2419 0.1895
0.2156 0.2512 0.1947
0.2160 0.2606 0.1999
0.2163 0.2699 0.2052
0.2167 0.2792 0.2104
0.2171 0.2885 0.2157
0.2175 0.2978 0.2210
0.2179 0.3071 0.2264
0.2182 0.3163 0.2317
0.2186 0.3256 0.2371
0.2190 0.3348 0.2425
0.2194 0.3440 0.2479
0.2198 0.3532 0.2534
0.2202 0.3624 0.2589
0.2206 0.3716 0.2644
0.2211 0.3807 0.2699
0.2215 0.3899 0.2755
0.2219 0.3990 0.2811
0.2223 0.4081 0.2867
0.2228 0.4172 0.2924
0.2232 0.4262 0.2980
0.2237 0.4353 0.3038
0.2241 0.4443 0.3095
0.2246 0.4533 0.3153
0.2251 0.4622 0.3211
0.2256 0.4712 0.3270
0.2261 0.4801 0.3329
0.2265 0.4890 0.3388
0.2270 0.4979 0.3447
0.2276 0.5067 0.3507
0.2281 0.5156 0.3568
0.2286 0.5244 0.3628
0.2291 0.5332 0.3689
0.2297 0.5419 0.3751
0.2302 0.5506 0.3813
0.2308 0.5593 0.3875
0.2313 0.5680 0.3937
0.2319 0.5766 0.4000
0.2325 0.5852 0.4064
0.2331 0.5938 0.4128
0.2337 0.6023 0.4192
0.2343 0.6108 0.4257
0.2350 0.6193 0.4322
0.2356 0.6277 0.4387
0.2363 0.6361 0.4453
0.2370 0.6445 0.4520
0.2376 0.6528 0.4587
0.2383 0.6611 0.4654
0.2390 0.6693 0.4722
0.2398 0.6775 0.4791
0.2405 0.6857 0.4860
0.2413 0.6938 0.4929
0.2420 0.7019 0.4999
0.2428 0.7099 0.5070
0.2436 0.7179 0.5141
0.2445 0.7258 0.5212
0.2453 0.7336 0.5284
0.2462 0.7414 0.5357
0.2471 0.7492 0.5430
0.2480 0.7569 0.5504
0.2489 0.7645 0.5579
0.2499 0.7721 0.5654
0.2509 0.7796 0.5729
0.2519 0.7871 0.5806
0.2529 0.7944 0.5882
0.2540 0.8017 0.5960
0.2551 0.8090 0.6038
0.2562 0.8161 0.6117
0.2574 0.8232 0.6196
0.2586 0.8302 0.6276
0.2598 0.8371 0.6357
0.2611 0.8439 0.6439
0.2625 0.8507 0.6521
0.2638 0.8573 0.6604
0.2653 0.8639 0.6687
0.2667 0.8703 0.6771
0.2683 0.8767 0.6856
0.2699 0.8829 0.6942
0.2715 0.8890 0.7028
0.2732 0.8950 0.7115
0.2750 0.9009 0.7202
0.2769 0.9067 0.7291
0.2789 0.9123 0.7380
0.2810 0.9178 0.7469
0.2831 0.9231 0.7559
0.2854 0.9283 0.7650
0.2878 0.9333 0.7741
0.2904 0.9382 0.7833
0.2930 0.9429 0.7925
0.2959 0.9475 0.8018
0.2989 0.9518 0.8111
0.3022 0.9560 0.8204
0.3057 0.9600 0.8297
0.3094 0.9638 0.8390
0.3134 0.9674 0.8482
0.3178 0.9708 0.8574
0.3225 0.9739 0.8665
0.3276 0.9769 0.8754
0.3332 0.9796 0.8841
0.3393 0.9820 0.8926
0.3459 0.9842 0.9007
0.3531 0.9862 0.9084
0.3608 0.9879 0.9156
0.3691 0.9894 0.9222
0.3779 0.9906 0.9282
0.3871 0.9916 0.9336
0.3966 0.9925 0.9384
0.4064 0.9932 0.9426
0.4164 0.9938 0.9463
0.4266 0.9943 0.9496
0.4369 0.9947 0.9524
0.4473 0.9950 0.9549
0.4578 0.9953 0.9572
0.4683 0.9955 0.9592
0.4788 0.9957 0.9609
0.4894 0.9958 0.9626
0.5000 0.9959 0.9641
0.5106 0.9960 0.9654
0.5213 0.9961 0.9667
0.5319 0.9962 0.9678
0.5426 0.9963 0.9689
0.5532 0.9963 0.9700
0.5639 0.9964 0.9710
0.5745 0.9964 0.9719
0.5852 0.9965 0.9728
0.5959 0.9965 0.9737
0.6065 0.9965 0.9745
0.6172 0.9966 0.9754
0.6279 0.9966 0.9762
0.6386 0.9966 0.9769
0.6492 0.9966 0.9777
0.6599 0.9966 0.9785
0.6706 0.9966 0.9792
0.6813 0.9967 0.9799
0.6920 0.9967 0.9806
0.7026 0.9967 0.9814
0.7133 0.9967 0.9821
0.7240 0.9967 0.9828
0.7347 0.9967 0.9834
0.7454 0.9967 0.9841
0.7560 0.9967 0.9848
0.7667 0.9967 0.9855
0.7774 0.9967 0.9862
0.7881 0.9967 0.9869
0.7988 0.9967 0.9875
0.8095 0.9967 0.9882
0.8201 0.9967 0.9889
0.8308 0.9968 0.9895
0.8415 0.9968 0.9902
0.8522 0.9968 0.9909
0.8629 0.9968 0.9915
0.8736 0.9968 0.9922
0.8842 0.9968 0.9929
0.8949 0.9968 0.9935
0.9056 0.9968 0.9942
0.9163 0.9968 0.9948
