0.0000 0.0000
0.0050 0.0002
0.0101 0.0009
0.0151 0.0019
0.0201 0.0032
0.0251 0.0049
0.0302 0.0067
0.0352 0.0087
0.0402 0.0108
0.0452 0.0128
0.0503 0.0147
0.0553 0.0163
0.0603 0.0174
0.0653 0.0180
0.0704 0.0179
0.0754 0.0167
0.0804 0.0144
0.0854 0.0107
0.0905 0.0052
0.0955 -0.0023
0.1005 -0.0120
0.1055 -0.0244
0.1106 -0.0397
0.1156 -0.0584
0.1206 -0.0806
0.1256 -0.1068
0.1307 -0.1372
0.1357 -0.1721
0.1407 -0.2117
0.1457 -0.2561
0.1508 -0.3056
0.1558 -0.3600
0.1608 -0.4194
0.1658 -0.4838
0.1709 -0.5529
0.1759 -0.6265
0.1809 -0.7044
0.1859 -0.7863
0.1910 -0.8720
0.1960 -0.9610
0.2010 -1.0530
0.2060 -1.1477
0.2111 -1.2447
0.2161 -1.3439
0.2211 -1.4447
0.2261 -1.5471
0.2312 -1.6507
0.2362 -1.7552
0.2412 -1.8606
0.2462 -1.9666
0.2513 -2.0729
0.2563 -2.1796
0.2613 -2.2864
0.2663 -2.3932
0.2714 -2.4999
0.2764 -2.6064
0.2814 -2.7127
0.2864 -2.8187
0.2915 -2.9243
0.2965 -3.0295
0.3015 -3.1342
0.3065 -3.2384
0.3116 -3.3420
0.3166 -3.4451
0.3216 -3.5475
0.3266 -3.6494
0.3317 -3.7505
0.3367 -3.8511
0.3417 -3.9509
0.3467 -4.0501
0.3518 -4.1486
0.3568 -4.2464
0.3618 -4.3434
0.3668 -4.4398
0.3719 -4.5354
0.3769 -4.6303
0.3819 -4.7244
0.3869 -4.8179
0.3920 -4.9106
0.3970 -5.0025
0.4020 -5.0937
0.4070 -5.1842
0.4121 -5.2739
0.4171 -5.3628
0.4221 -5.4510
0.4271 -5.5385
0.4322 -5.6252
0.4372 -5.7111
0.4422 -5.7963
0.4472 -5.8808
0.4523 -5.9645
0.4573 -6.0474
0.4623 -6.1296
0.4673 -6.2110
0.4724 -6.2916
0.4774 -6.3716
0.4824 -6.4507
0.4874 -6.5291
0.4925 -6.6067
0.4975 -6.6836
0.5025 -6.7597
0.5075 -6.8351
0.5126 -6.9097
0.5176 -6.9835
0.5226 -7.0566
0.5276 -7.1290
0.5327 -7.2005
0.5377 -7.2714
0.5427 -7.3414
0.5477 -7.4107
0.5528 -7.4793
0.5578 -7.5470
0.5628 -7.6141
0.5678 -7.6803
0.5729 -7.7458
0.5779 -7.8106
0.5829 -7.8746
0.5879 -7.9378
0.5930 -8.0003
0.5980 -8.0620
0.6030 -8.1230
0.6080 -8.1832
0.6131 -8.2426
0.6181 -8.3013
0.6231 -8.3593
0.6281 -8.4164
0.6332 -8.4728
0.6382 -8.5285
0.6432 -8.5834
0.6482 -8.6375
0.6533 -8.6909
0.6583 -8.7435
0.6633 -8.7954
0.6683 -8.8465
0.6734 -8.8969
0.6784 -8.9465
0.6834 -8.9953
0.6884 -9.0434
0.6935 -9.0907
0.6985 -9.1372
0.7035 -9.1831
0.7085 -9.2281
0.7136 -9.2724
0.7186 -9.3159
0.7236 -9.3587
0.7286 -9.4007
0.7337 -9.4419
0.7387 -9.4824
0.7437 -9.5222
0.7487 -9.5611
0.7538 -9.5994
0.7588 -9.6368
0.7638 -9.6735
0.7688 -9.7095
0.7739 -9.7447
0.7789 -9.7791
0.7839 -9.8128
0.7889 -9.8457
0.7940 -9.8778
0.7990 -9.9092
0.8040 -9.9399
0.8090 -9.9698
0.8141 -9.9989
0.8191 -10.0273
0.8241 -10.0549
0.8291 -10.0817
0.8342 -10.1078
0.8392 -10.1331
0.8442 -10.1577
0.8492 -10.1815
0.8543 -10.2046
0.8593 -10.2269
0.8643 -10.2484
0.8693 -10.2692
0.8744 -10.2892
0.8794 -10.3085
0.8844 -10.3270
0.8894 -10.3448
0.8945 -10.3618
0.8995 -10.3780
0.9045 -10.3935
0.9095 -10.4082
0.9146 -10.4222
0.9196 -10.4354
0.9246 -10.4478
0.9296 -10.4595
0.9347 -10.4704
0.9397 -10.4806
0.9447 -10.4900
0.9497 -10.4987
0.9548 -10.5066
0.9598 -10.5137
0.9648 -10.5201
0.9698 -10.5257
0.9749 -10.5306
0.9799 -10.5347
0.9849 -10.5380
0.9899 -10.5406
0.9950 -10.5425
1.0000 -10.5435
