0.0000 0.0000 0.0000
0.0109 0.0000 0.0000
0.0219 0.0000 0.0000
0.0328 0.0000 0.0000
0.0438 0.0000 0.0000
0.0547 0.0000 0.0000
0.0657 0.0000 0.0000
0.0766 0.0000 0.0000
0.0876 0.0000 0.0000
0.0985 0.0000 0.0000
0.1095 0.0000 0.0000
0.1204 0.0000 0.0000
0.1314 0.0000 0.0000
0.1423 0.0000 0.0000
0.1533 0.0000 0.0000
0.1642 0.0000 0.0000
0.1752 0.0000 0.0000
0.1861 0.0000 0.0000
0.1971 0.0000 0.0000
0.2080 0.0000 0.0000
0.2190 0.0000 0.0000
0.2299 0.0000 0.0000
0.2409 0.0000 0.0000
0.2518 0.0000 0.0000
0.2628 0.0000 0.0000
0.2737 0.0000 0.0000
0.2846 0.0000 0.0000
0.2956 0.0000 0.0000
0.3065 0.0000 0.0000
0.3175 0.0000 0.0000
0.3284 0.0000 0.0001
0.3394 0.0001 0.0001
0.3503 0.0002 0.0002
0.3613 0.0003 0.0004
0.3722 0.0007 0.0007
0.3831 0.0015 0.0013
0.3939 0.0031 0.0024
0.4043 0.0061 0.0043
0.4137 0.0108 0.0073
0.4216 0.0171 0.0115
0.4279 0.0244 0.0166
0.4330 0.0321 0.0225
0.4372 0.0398 0.0290
0.4406 0.0475 0.0359
0.4435 0.0550 0.0434
0.4461 0.0623 0.0511
0.4483 0.0694 0.0592
0.4503 0.0762 0.0675
0.4520 0.0829 0.0760
0.4537 0.0893 0.0847
0.4551 0.0955 0.0936
0.4565 0.1015 0.1027
0.4578 0.1074 0.1118
0.4589 0.1132 0.1210
0.4600 0.1188 0.1304
0.4611 0.1243 0.1398
0.4621 0.1296 0.1493
0.4630 0.1349 0.1588
0.4639 0.1401 0.1684
0.4648 0.1452 0.1781
0.4656 0.1502 0.1878
0.4664 0.1552 0.1975
0.4672 0.1602 0.2072
0.4679 0.1650 0.2170
0.4687 0.1699 0.2268
0.4694 0.1747 0.2366
0.4701 0.1795 0.2464
0.4708 0.1843 0.2562
0.4715 0.1890 0.2661
0.4721 0.1938 0.2759
0.4728 0.1986 0.2857
0.4735 0.2033 0.2956
0.4742 0.2081 0.3054
0.4748 0.2129 0.3152
0.4755 0.2177 0.3250
0.4762 0.2225 0.3348
0.4768 0.2274 0.3446
0.4775 0.2323 0.3544
0.4782 0.2372 0.3642
0.4789 0.2421 0.3739
0.4796 0.2471 0.3837
0.4802 0.2520 0.3934
0.4809 0.2571 0.4031
0.4816 0.2621 0.4128
0.4824 0.2672 0.4224
0.4831 0.2724 0.4321
0.4838 0.2776 0.4417
0.4845 0.2828 0.4513
0.4853 0.2880 0.4608
0.4860 0.2933 0.4704
0.4868 0.2987 0.4799
0.4876 0.3041 0.4894
0.4883 0.3095 0.4989
0.4891 0.3150 0.5083
0.4899 0.3205 0.5178
0.4908 0.3261 0.5271
0.4916 0.3317 0.5365
0.4924 0.3373 0.5458
0.4933 0.3431 0.5551
0.4941 0.3488 0.5644
0.4950 0.3546 0.5736
0.4959 0.3605 0.5829
0.4968 0.3664 0.5920
0.4977 0.3724 0.6012
0.4987 0.3784 0.6102
0.4996 0.3845 0.6193
0.5006 0.3906 0.6283
0.5016 0.3968 0.6373
0.5026 0.4030 0.6462
0.5036 0.4093 0.6551
0.5047 0.4157 0.6640
0.5057 0.4221 0.6728
0.5068 0.4286 0.6815
0.5079 0.4352 0.6902
0.5090 0.4418 0.6989
0.5102 0.4485 0.7075
0.5113 0.4552 0.7160
0.5125 0.4620 0.7245
0.5137 0.4689 0.7330
0.5150 0.4758 0.7413
0.5162 0.4829 0.7496
0.5175 0.4899 0.7579
0.5189 0.4971 0.7660
0.5202 0.5044 0.7741
0.5216 0.5117 0.7821
0.5230 0.5191 0.7901
0.5245 0.5266 0.7980
0.5260 0.5341 0.8057
0.5275 0.5418 0.8134
0.5291 0.5495 0.8210
0.5307 0.5573 0.8285
0.5323 0.5652 0.8359
0.5340 0.5732 0.8432
0.5358 0.5813 0.8504
0.5376 0.5894 0.8575
0.5394 0.5977 0.8644
0.5413 0.6060 0.8713
0.5432 0.6144 0.8780
0.5452 0.6229 0.8846
0.5473 0.6315 0.8910
0.5494 0.6402 0.8973
0.5516 0.6490 0.9035
0.5539 0.6579 0.9095
0.5562 0.6668 0.9153
0.5586 0.6759 0.9210
0.5611 0.6850 0.9265
0.5637 0.6942 0.9319
0.5664 0.7035 0.9370
0.5691 0.7129 0.9419
0.5720 0.7223 0.9467
0.5750 0.7318 0.9512
0.5781 0.7414 0.9556
0.5813 0.7510 0.9597
0.5846 0.7607 0.9636
0.5881 0.7704 0.9673
0.5917 0.7801 0.9708
0.5954 0.7899 0.9741
0.5993 0.7996 0.9771
0.6034 0.8094 0.9799
0.6077 0.8191 0.9825
0.6121 0.8289 0.9849
0.6167 0.8386 0.9870
0.6216 0.8482 0.9890
0.6266 0.8577 0.9907
0.6319 0.8672 0.9922
0.6375 0.8765 0.9936
0.6433 0.8857 0.9948
0.6494 0.8948 0.9958
0.6557 0.9036 0.9967
0.6625 0.9122 0.9974
0.6695 0.9206 0.9980
0.6769 0.9287 0.9985
0.6846 0.9364 0.9989
0.6927 0.9438 0.9992
0.7011 0.9507 0.9994
0.7100 0.9572 0.9996
0.7192 0.9631 0.9997
0.7287 0.9685 0.9998
0.7386 0.9731 0.9999
0.7488 0.9770 0.9999
0.7593 0.9801 1.0000
0.7700 0.9825 1.0000
0.7808 0.9842 1.0000
0.7917 0.9853 1.0000
0.8027 0.9861 1.0000
0.8136 0.9866 1.0000
0.8245 0.9870 1.0000
0.8355 0.9872 1.0000
0.8464 0.9874 1.0000
0.8574 0.9875 1.0000
0.8683 0.9876 1.0000
0.8793 0.9877 1.0000
0.8902 0.9878 1.0000
0.9012 0.9879 1.0000
0.9121 0.9880 1.0000
0.9231 0.9880 1.0000
0.9340 0.9881 1.0000
0.9449 0.9882 1.0000
0.9559 0.9882 1.0000
0.9668 0.9883 1.0000
