New Tracking: 
 J=5.0000 
 Q=6.0000 
 Q2=4.0000 
0.0100 0.2000 0.0100 0.0000
0.1553 1.0000 1.0000 1.7817
0.3073 1.0000 1.0000 1.0123
0.4320 1.0000 1.0000 0.6382
0.5342 1.0000 1.0000 0.3867
0.6181 1.0000 1.0000 0.2176
0.6868 1.0000 1.0000 0.1039
0.7432 1.0000 1.0000 0.0275
0.7894 1.0000 1.0000 -0.0240
0.8273 1.0000 1.0000 -0.0585
0.8584 1.0000 1.0000 -0.0818
0.8839 1.0000 1.0000 -0.0974
0.9048 1.0000 1.0000 -0.1079
0.9219 1.0000 1.0000 -0.1150
0.9360 1.0000 1.0000 -0.1197
0.9475 1.0000 1.0000 -0.1229
0.9570 1.0000 1.0000 -0.1251
0.9647 1.0000 1.0000 -0.1265
0.9711 1.0000 1.0000 -0.1275
0.9763 1.0000 1.0000 -0.1281
0.9805 1.0000 1.0000 -0.1286
0.9840 1.0000 1.0000 -0.1289
0.9869 1.0000 1.0000 -0.1291
0.9893 1.0000 1.0000 -0.1292
0.9912 1.0000 1.0000 -0.1293
0.9928 1.0000 1.0000 -0.1293
0.9941 1.0000 1.0000 -0.1294
0.9951 1.0000 1.0000 -0.1294
0.9960 1.0000 1.0000 -0.1294
0.9967 1.0000 1.0000 -0.1294
0.9973 1.0000 1.0000 -0.1295
0.9978 1.0000 1.0000 -0.1295
0.9982 1.0000 1.0000 -0.1295
0.9985 1.0000 1.0000 -0.1295
0.9988 1.0000 1.0000 -0.1295
0.9990 1.0000 1.0000 -0.1295
0.9992 1.0000 1.0000 -0.1295
0.9993 1.0000 1.0000 -0.1295
0.9995 1.0000 1.0000 -0.1295
0.9996 1.0000 1.0000 -0.1295
0.9996 1.0000 1.0000 -0.1295
0.9997 1.0000 1.0000 -0.1295
0.9998 1.0000 1.0000 -0.1295
0.9998 1.0000 1.0000 -0.1295
0.9998 1.0000 1.0000 -0.1295
0.9999 1.0000 1.0000 -0.1295
0.9999 1.0000 1.0000 -0.1295
0.9999 1.0000 1.0000 -0.1295
0.9999 1.0000 1.0000 -0.1295
0.9999 1.0000 1.0000 -0.1295
0.9999 1.0000 1.0000 -0.1295
1.0000 1.0000 1.0000 -0.1295
1.0000 1.0000 1.0000 -0.1295
1.0000 1.0000 1.0000 -0.1295
1.0000 1.0000 1.0000 -0.1295
1.0000 1.0000 1.0000 -0.1295
1.0000 1.0000 1.0000 -0.1295
1.0000 1.0000 1.0000 -0.1295
1.0000 1.0000 1.0000 -0.1295
1.0000 1.0000 1.0000 -0.1295
1.0000 1.0000 1.0000 -0.1295
1.0000 1.0000 1.0000 -0.1295
1.0000 1.0000 1.0000 -0.1295
1.0000 1.0000 1.0000 -0.1295
1.0000 1.0000 1.0000 -0.1295
1.0000 1.0000 1.0000 -0.1295
1.0000 1.0000 1.0000 -0.1295
1.0000 1.0000 1.0000 -0.1295
1.0000 1.0000 1.0000 -0.1295
1.0000 1.0000 1.0000 -0.1295
1.0000 1.0000 1.0000 -0.1295
1.0000 1.0000 1.0000 -0.1295
1.0000 1.0000 1.0000 -0.1295
1.0000 1.0000 1.0000 -0.1295
1.0000 1.0000 1.0000 -0.1295
1.0000 1.0000 1.0000 -0.1295
1.0000 1.0000 1.0000 -0.1295
1.0000 1.0000 1.0000 -0.1295
1.0000 1.0000 1.0000 -0.1295
1.0000 1.0000 1.0000 -0.1295
1.0000 1.0000 1.0000 -0.1295
1.0000 1.0000 1.0000 -0.1295
1.0000 1.0000 1.0000 -0.1295
1.0000 1.0000 1.0000 -0.1295
1.0000 1.0000 1.0000 -0.1295
1.0000 1.0000 1.0000 -0.1295
1.0000 1.0000 1.0000 -0.1295
1.0000 1.0000 1.0000 -0.1295
1.0000 1.0000 1.0000 -0.1295
1.0000 1.0000 1.0000 -0.1295
1.0000 1.0000 1.0000 -0.1295
1.0000 1.0000 1.0000 -0.1295
1.0000 1.0000 1.0000 -0.1295
1.0000 1.0000 1.0000 -0.1295
1.0000 1.0000 1.0000 -0.1295
1.0000 1.0000 1.0000 -0.1295
1.0000 1.0000 1.0000 -0.1295
1.0000 1.0000 1.0000 -0.1295
1.0000 1.0000 1.0000 -0.1295
1.0000 1.0000 1.0000 -0.1295
1.0000 1.0000 1.0000 -0.1295
1.0000 1.0000 1.0000 -0.1295
1.0000 1.0000 1.0000 -0.1295
1.0000 1.0000 1.0000 -0.1295
1.0000 1.0000 1.0000 -0.1295
1.0000 1.0000 1.0000 -0.1295
1.0000 1.0000 1.0000 -0.1295
1.0000 1.0000 1.0000 -0.1295
1.0000 1.0000 1.0000 -0.1295
1.0000 1.0000 1.0000 -0.1295
1.0000 1.0000 1.0000 -0.1295
1.0000 1.0000 1.0000 -0.1295
1.0000 1.0000 1.0000 -0.1295
1.0000 1.0000 1.0000 -0.1295
1.0000 1.0000 1.0000 -0.1295
1.0000 1.0000 1.0000 -0.1295
1.0000 1.0000 1.0000 -0.1295
1.0000 1.0000 1.0000 -0.1295
1.0000 1.0000 1.0000 -0.1295
1.0000 1.0000 1.0000 -0.1295
1.0000 1.0000 1.0000 -0.1295
1.0000 1.0000 1.0000 -0.1295
1.0000 1.0000 1.0000 -0.1295
1.0000 1.0000 1.0000 -0.1295
1.0000 1.0000 1.0000 -0.1295
1.0000 1.0000 1.0000 -0.1295
1.0000 1.0000 1.0000 -0.1295
1.0000 1.0000 1.0000 -0.1295
1.0000 1.0000 1.0000 -0.1295
1.0000 1.0000 1.0000 -0.1295
1.0000 1.0000 1.0000 -0.1295
1.0000 1.0000 1.0000 -0.1295
1.0000 1.0000 1.0000 -0.1295
1.0000 1.0000 1.0000 -0.1295
1.0000 1.0000 1.0000 -0.1295
1.0000 1.0000 1.0000 -0.1295
1.0000 1.0000 1.0000 -0.1295
1.0000 1.0000 1.0000 -0.1295
1.0000 1.0000 1.0000 -0.1295
1.0000 1.0000 1.0000 -0.1295
1.0000 1.0000 1.0000 -0.1295
1.0000 1.0000 1.0000 -0.1295
1.0000 1.0000 1.0000 -0.1295
1.0000 1.0000 1.0000 -0.1295
1.0000 1.0000 1.0000 -0.1295
1.0000 1.0000 1.0000 -0.1295
1.0000 1.0000 1.0000 -0.1295
1.0000 1.0000 1.0000 -0.1295
1.0000 1.0000 1.0000 -0.1295
1.0000 1.0000 1.0000 -0.1295
1.0000 1.0000 1.0000 -0.1295
1.0000 1.0000 1.0000 -0.1295
1.0000 1.0000 1.0000 -0.1295
1.0000 1.0000 1.0000 -0.1295
1.0000 1.0000 1.0000 -0.1295
1.0000 1.0000 1.0000 -0.1295
1.0000 1.0000 1.0000 -0.1295
1.0000 1.0000 1.0000 -0.1295
1.0000 1.0000 1.0000 -0.1295
1.0000 1.0000 1.0000 -0.1295
1.0000 1.0000 1.0000 -0.1295
1.0000 1.0000 1.0000 -0.1295
1.0000 1.0000 1.0000 -0.1295
1.0000 1.0000 1.0000 -0.1295
1.0000 1.0000 1.0000 -0.1295
1.0000 1.0000 1.0000 -0.1295
1.0000 1.0000 1.0000 -0.1295
1.0000 1.0000 1.0000 -0.1295
1.0000 1.0000 1.0000 -0.1295
1.0000 1.0000 1.0000 -0.1295
1.0000 1.0000 1.0000 -0.1295
1.0000 1.0000 1.0000 -0.1295
1.0000 1.0000 1.0000 -0.1295
1.0000 1.0000 1.0000 -0.1295
1.0000 1.0000 1.0000 -0.1295
1.0000 1.0000 1.0000 -0.1295
1.0000 1.0000 1.0000 -0.1295
1.0000 1.0000 1.0000 -0.1295
1.0000 1.0000 1.0000 -0.1295
1.0000 1.0000 1.0000 -0.1295
1.0000 1.0000 1.0000 -0.1295
1.0000 1.0000 1.0000 -0.1295
1.0000 1.0000 1.0000 -0.1295
1.0000 1.0000 1.0000 -0.1295
1.0000 1.0000 1.0000 -0.1295
1.0000 1.0000 1.0000 -0.1295
1.0000 1.0000 1.0000 -0.1295
1.0000 1.0000 1.0000 -0.1295
1.0000 1.0000 1.0000 -0.1295
1.0000 1.0000 1.0000 -0.1295
1.0000 1.0000 1.0000 -0.1295
1.0000 1.0000 1.0000 -0.1295
1.0000 1.0000 1.0000 -0.1295
1.0000 1.0000 1.0000 -0.1295
1.0000 1.0000 1.0000 -0.1295
1.0000 1.0000 1.0000 -0.1295
1.0000 1.0000 1.0000 -0.1295
1.0000 1.0000 1.0000 -0.1295
1.0000 1.0000 1.0000 -0.1295
1.0000 1.0000 1.0000 -0.1295
1.0000 1.0000 1.0000 -0.1295
New Tracking: 
 J=5.0000 
 Q=6.0000 
 Q2=4.0000 
0.0100 0.2000 0.0100 0.0000
0.1553 1.0000 1.0000 1.7817
0.3073 1.0000 1.0000 1.0123
0.4320 1.0000 1.0000 0.6382
0.5342 1.0000 1.0000 0.3867
0.6181 1.0000 1.0000 0.2176
0.6868 1.0000 1.0000 0.1039
0.7432 1.0000 1.0000 0.0275
0.7894 1.0000 1.0000 -0.0240
0.8273 1.0000 1.0000 -0.0585
0.8584 1.0000 1.0000 -0.0818
0.8839 1.0000 1.0000 -0.0974
0.9048 1.0000 1.0000 -0.1079
0.9219 1.0000 1.0000 -0.1150
0.9360 1.0000 1.0000 -0.1197
0.9475 1.0000 1.0000 -0.1229
0.9570 1.0000 1.0000 -0.1251
0.9647 1.0000 1.0000 -0.1265
0.9711 1.0000 1.0000 -0.1275
0.9763 1.0000 1.0000 -0.1281
0.9805 1.0000 1.0000 -0.1286
0.9840 1.0000 1.0000 -0.1289
0.9869 1.0000 1.0000 -0.1291
0.9893 1.0000 1.0000 -0.1292
0.9912 1.0000 1.0000 -0.1293
0.9928 1.0000 1.0000 -0.1293
0.9941 1.0000 1.0000 -0.1294
0.9951 1.0000 1.0000 -0.1294
0.9960 1.0000 1.0000 -0.1294
0.9967 1.0000 1.0000 -0.1294
0.9973 1.0000 1.0000 -0.1295
0.9978 1.0000 1.0000 -0.1295
0.9982 1.0000 1.0000 -0.1295
0.9985 1.0000 1.0000 -0.1295
0.9988 1.0000 1.0000 -0.1295
0.9990 1.0000 1.0000 -0.1295
0.9992 1.0000 1.0000 -0.1295
0.9993 1.0000 1.0000 -0.1295
0.9995 1.0000 1.0000 -0.1295
0.9996 1.0000 1.0000 -0.1295
0.9996 1.0000 1.0000 -0.1295
0.9997 1.0000 1.0000 -0.1295
0.9998 1.0000 1.0000 -0.1295
0.9998 1.0000 1.0000 -0.1295
0.9998 1.0000 1.0000 -0.1295
0.9999 1.0000 1.0000 -0.1295
0.9999 1.0000 1.0000 -0.1295
0.9999 1.0000 1.0000 -0.1295
0.9999 1.0000 1.0000 -0.1295
0.9999 1.0000 1.0000 -0.1295
0.9999 1.0000 1.0000 -0.1295
1.0000 1.0000 1.0000 -0.1295
1.0000 1.0000 1.0000 -0.1295
1.0000 1.0000 1.0000 -0.1295
1.0000 1.0000 1.0000 -0.1295
1.0000 1.0000 1.0000 -0.1295
1.0000 1.0000 1.0000 -0.1295
1.0000 1.0000 1.0000 -0.1295
1.0000 1.0000 1.0000 -0.1295
1.0000 1.0000 1.0000 -0.1295
1.0000 1.0000 1.0000 -0.1295
1.0000 1.0000 1.0000 -0.1295
1.0000 1.0000 1.0000 -0.1295
1.0000 1.0000 1.0000 -0.1295
1.0000 1.0000 1.0000 -0.1295
1.0000 1.0000 1.0000 -0.1295
1.0000 1.0000 1.0000 -0.1295
1.0000 1.0000 1.0000 -0.1295
1.0000 1.0000 1.0000 -0.1295
1.0000 1.0000 1.0000 -0.1295
1.0000 1.0000 1.0000 -0.1295
1.0000 1.0000 1.0000 -0.1295
1.0000 1.0000 1.0000 -0.1295
1.0000 1.0000 1.0000 -0.1295
1.0000 1.0000 1.0000 -0.1295
1.0000 1.0000 1.0000 -0.1295
1.0000 1.0000 1.0000 -0.1295
1.0000 1.0000 1.0000 -0.1295
1.0000 1.0000 1.0000 -0.1295
1.0000 1.0000 1.0000 -0.1295
1.0000 1.0000 1.0000 -0.1295
1.0000 1.0000 1.0000 -0.1295
1.0000 1.0000 1.0000 -0.1295
1.0000 1.0000 1.0000 -0.1295
1.0000 1.0000 1.0000 -0.1295
1.0000 1.0000 1.0000 -0.1295
1.0000 1.0000 1.0000 -0.1295
1.0000 1.0000 1.0000 -0.1295
1.0000 1.0000 1.0000 -0.1295
1.0000 1.0000 1.0000 -0.1295
1.0000 1.0000 1.0000 -0.1295
1.0000 1.0000 1.0000 -0.1295
1.0000 1.0000 1.0000 -0.1295
1.0000 1.0000 1.0000 -0.1295
1.0000 1.0000 1.0000 -0.1295
1.0000 1.0000 1.0000 -0.1295
1.0000 1.0000 1.0000 -0.1295
1.0000 1.0000 1.0000 -0.1295
1.0000 1.0000 1.0000 -0.1295
1.0000 1.0000 1.0000 -0.1295
1.0000 1.0000 1.0000 -0.1295
1.0000 1.0000 1.0000 -0.1295
1.0000 1.0000 1.0000 -0.1295
1.0000 1.0000 1.0000 -0.1295
1.0000 1.0000 1.0000 -0.1295
1.0000 1.0000 1.0000 -0.1295
1.0000 1.0000 1.0000 -0.1295
1.0000 1.0000 1.0000 -0.1295
1.0000 1.0000 1.0000 -0.1295
1.0000 1.0000 1.0000 -0.1295
1.0000 1.0000 1.0000 -0.1295
1.0000 1.0000 1.0000 -0.1295
1.0000 1.0000 1.0000 -0.1295
1.0000 1.0000 1.0000 -0.1295
1.0000 1.0000 1.0000 -0.1295
1.0000 1.0000 1.0000 -0.1295
1.0000 1.0000 1.0000 -0.1295
1.0000 1.0000 1.0000 -0.1295
1.0000 1.0000 1.0000 -0.1295
1.0000 1.0000 1.0000 -0.1295
1.0000 1.0000 1.0000 -0.1295
1.0000 1.0000 1.0000 -0.1295
1.0000 1.0000 1.0000 -0.1295
1.0000 1.0000 1.0000 -0.1295
1.0000 1.0000 1.0000 -0.1295
1.0000 1.0000 1.0000 -0.1295
1.0000 1.0000 1.0000 -0.1295
1.0000 1.0000 1.0000 -0.1295
1.0000 1.0000 1.0000 -0.1295
1.0000 1.0000 1.0000 -0.1295
1.0000 1.0000 1.0000 -0.1295
1.0000 1.0000 1.0000 -0.1295
1.0000 1.0000 1.0000 -0.1295
1.0000 1.0000 1.0000 -0.1295
1.0000 1.0000 1.0000 -0.1295
1.0000 1.0000 1.0000 -0.1295
1.0000 1.0000 1.0000 -0.1295
1.0000 1.0000 1.0000 -0.1295
1.0000 1.0000 1.0000 -0.1295
1.0000 1.0000 1.0000 -0.1295
1.0000 1.0000 1.0000 -0.1295
1.0000 1.0000 1.0000 -0.1295
1.0000 1.0000 1.0000 -0.1295
1.0000 1.0000 1.0000 -0.1295
1.0000 1.0000 1.0000 -0.1295
1.0000 1.0000 1.0000 -0.1295
1.0000 1.0000 1.0000 -0.1295
1.0000 1.0000 1.0000 -0.1295
1.0000 1.0000 1.0000 -0.1295
1.0000 1.0000 1.0000 -0.1295
1.0000 1.0000 1.0000 -0.1295
1.0000 1.0000 1.0000 -0.1295
1.0000 1.0000 1.0000 -0.1295
1.0000 1.0000 1.0000 -0.1295
1.0000 1.0000 1.0000 -0.1295
1.0000 1.0000 1.0000 -0.1295
1.0000 1.0000 1.0000 -0.1295
1.0000 1.0000 1.0000 -0.1295
1.0000 1.0000 1.0000 -0.1295
1.0000 1.0000 1.0000 -0.1295
1.0000 1.0000 1.0000 -0.1295
1.0000 1.0000 1.0000 -0.1295
1.0000 1.0000 1.0000 -0.1295
1.0000 1.0000 1.0000 -0.1295
1.0000 1.0000 1.0000 -0.1295
1.0000 1.0000 1.0000 -0.1295
1.0000 1.0000 1.0000 -0.1295
1.0000 1.0000 1.0000 -0.1295
1.0000 1.0000 1.0000 -0.1295
1.0000 1.0000 1.0000 -0.1295
1.0000 1.0000 1.0000 -0.1295
1.0000 1.0000 1.0000 -0.1295
1.0000 1.0000 1.0000 -0.1295
1.0000 1.0000 1.0000 -0.1295
1.0000 1.0000 1.0000 -0.1295
1.0000 1.0000 1.0000 -0.1295
1.0000 1.0000 1.0000 -0.1295
1.0000 1.0000 1.0000 -0.1295
1.0000 1.0000 1.0000 -0.1295
1.0000 1.0000 1.0000 -0.1295
1.0000 1.0000 1.0000 -0.1295
1.0000 1.0000 1.0000 -0.1295
1.0000 1.0000 1.0000 -0.1295
1.0000 1.0000 1.0000 -0.1295
1.0000 1.0000 1.0000 -0.1295
1.0000 1.0000 1.0000 -0.1295
1.0000 1.0000 1.0000 -0.1295
1.0000 1.0000 1.0000 -0.1295
1.0000 1.0000 1.0000 -0.1295
1.0000 1.0000 1.0000 -0.1295
1.0000 1.0000 1.0000 -0.1295
1.0000 1.0000 1.0000 -0.1295
1.0000 1.0000 1.0000 -0.1295
1.0000 1.0000 1.0000 -0.1295
1.0000 1.0000 1.0000 -0.1295
1.0000 1.0000 1.0000 -0.1295
1.0000 1.0000 1.0000 -0.1295
1.0000 1.0000 1.0000 -0.1295
1.0000 1.0000 1.0000 -0.1295
1.0000 1.0000 1.0000 -0.1295
1.0000 1.0000 1.0000 -0.1295
New Tracking: 
 J=5.0000 
 Q=6.0000 
 Q2=4.0000 
0.0100 0.2000 0.0100 0.0000
0.1553 8.4385 0.0184 395.4693
0.3073 16.7939 0.0157 3433.8477
0.4320 23.3846 0.0133 6498.0262
0.5342   inf 0.0114 9597.8564
  nan   nan   nan   nan
  nan   nan   nan   nan
  nan   nan   nan   nan
  nan   nan   nan   nan
  nan   nan   nan   nan
  nan   nan   nan   nan
  nan   nan   nan   nan
  nan   nan   nan   nan
  nan   nan   nan   nan
  nan   nan   nan   nan
  nan   nan   nan   nan
  nan   nan   nan   nan
  nan   nan   nan   nan
  nan   nan   nan   nan
  nan   nan   nan   nan
  nan   nan   nan   nan
  nan   nan   nan   nan
  nan   nan   nan   nan
  nan   nan   nan   nan
  nan   nan   nan   nan
  nan   nan   nan   nan
  nan   nan   nan   nan
  nan   nan   nan   nan
  nan   nan   nan   nan
  nan   nan   nan   nan
  nan   nan   nan   nan
  nan   nan   nan   nan
  nan   nan   nan   nan
  nan   nan   nan   nan
  nan   nan   nan   nan
  nan   nan   nan   nan
  nan   nan   nan   nan
  nan   nan   nan   nan
  nan   nan   nan   nan
  nan   nan   nan   nan
  nan   nan   nan   nan
  nan   nan   nan   nan
  nan   nan   nan   nan
  nan   nan   nan   nan
  nan   nan   nan   nan
  nan   nan   nan   nan
  nan   nan   nan   nan
  nan   nan   nan   nan
  nan   nan   nan   nan
  nan   nan   nan   nan
  nan   nan   nan   nan
  nan   nan   nan   nan
  nan   nan   nan   nan
  nan   nan   nan   nan
  nan   nan   nan   nan
  nan   nan   nan   nan
  nan   nan   nan   nan
  nan   nan   nan   nan
  nan   nan   nan   nan
  nan   nan   nan   nan
  nan   nan   nan   nan
  nan   nan   nan   nan
  nan   nan   nan   nan
  nan   nan   nan   nan
  nan   nan   nan   nan
  nan   nan   nan   nan
  nan   nan   nan   nan
  nan   nan   nan   nan
  nan   nan   nan   nan
  nan   nan   nan   nan
  nan   nan   nan   nan
  nan   nan   nan   nan
  nan   nan   nan   nan
  nan   nan   nan   nan
  nan   nan   nan   nan
  nan   nan   nan   nan
  nan   nan   nan   nan
  nan   nan   nan   nan
  nan   nan   nan   nan
  nan   nan   nan   nan
  nan   nan   nan   nan
  nan   nan   nan   nan
  nan   nan   nan   nan
  nan   nan   nan   nan
  nan   nan   nan   nan
  nan   nan   nan   nan
  nan   nan   nan   nan
  nan   nan   nan   nan
  nan   nan   nan   nan
  nan   nan   nan   nan
  nan   nan   nan   nan
  nan   nan   nan   nan
  nan   nan   nan   nan
  nan   nan   nan   nan
  nan   nan   nan   nan
  nan   nan   nan   nan
  nan   nan   nan   nan
  nan   nan   nan   nan
  nan   nan   nan   nan
  nan   nan   nan   nan
  nan   nan   nan   nan
  nan   nan   nan   nan
  nan   nan   nan   nan
  nan   nan   nan   nan
  nan   nan   nan   nan
  nan   nan   nan   nan
  nan   nan   nan   nan
  nan   nan   nan   nan
  nan   nan   nan   nan
  nan   nan   nan   nan
  nan   nan   nan   nan
  nan   nan   nan   nan
  nan   nan   nan   nan
  nan   nan   nan   nan
  nan   nan   nan   nan
  nan   nan   nan   nan
  nan   nan   nan   nan
  nan   nan   nan   nan
  nan   nan   nan   nan
  nan   nan   nan   nan
  nan   nan   nan   nan
  nan   nan   nan   nan
  nan   nan   nan   nan
  nan   nan   nan   nan
  nan   nan   nan   nan
  nan   nan   nan   nan
  nan   nan   nan   nan
  nan   nan   nan   nan
  nan   nan   nan   nan
  nan   nan   nan   nan
  nan   nan   nan   nan
  nan   nan   nan   nan
  nan   nan   nan   nan
  nan   nan   nan   nan
  nan   nan   nan   nan
  nan   nan   nan   nan
  nan   nan   nan   nan
  nan   nan   nan   nan
  nan   nan   nan   nan
  nan   nan   nan   nan
  nan   nan   nan   nan
  nan   nan   nan   nan
  nan   nan   nan   nan
  nan   nan   nan   nan
  nan   nan   nan   nan
  nan   nan   nan   nan
  nan   nan   nan   nan
  nan   nan   nan   nan
  nan   nan   nan   nan
  nan   nan   nan   nan
  nan   nan   nan   nan
  nan   nan   nan   nan
  nan   nan   nan   nan
  nan   nan   nan   nan
  nan   nan   nan   nan
  nan   nan   nan   nan
  nan   nan   nan   nan
  nan   nan   nan   nan
  nan   nan   nan   nan
  nan   nan   nan   nan
  nan   nan   nan   nan
  nan   nan   nan   nan
  nan   nan   nan   nan
  nan   nan   nan   nan
  nan   nan   nan   nan
  nan   nan   nan   nan
  nan   nan   nan   nan
  nan   nan   nan   nan
  nan   nan   nan   nan
  nan   nan   nan   nan
  nan   nan   nan   nan
  nan   nan   nan   nan
  nan   nan   nan   nan
  nan   nan   nan   nan
  nan   nan   nan   nan
  nan   nan   nan   nan
  nan   nan   nan   nan
  nan   nan   nan   nan
  nan   nan   nan   nan
  nan   nan   nan   nan
  nan   nan   nan   nan
  nan   nan   nan   nan
  nan   nan   nan   nan
  nan   nan   nan   nan
  nan   nan   nan   nan
  nan   nan   nan   nan
  nan   nan   nan   nan
  nan   nan   nan   nan
  nan   nan   nan   nan
  nan   nan   nan   nan
  nan   nan   nan   nan
  nan   nan   nan   nan
  nan   nan   nan   nan
  nan   nan   nan   nan
  nan   nan   nan   nan
  nan   nan   nan   nan
  nan   nan   nan   nan
  nan   nan   nan   nan
  nan   nan   nan   nan
  nan   nan   nan   nan
  nan   nan   nan   nan
New Tracking: 
 J=5.0000 
 Q=6.0000 
 Q2=4.0000 
0.0100 0.2000 0.0100 0.0000
0.0256 1.0950 0.0110 -5.4942
0.0449 2.2072 0.0108 12.0332
0.0638 3.2930 0.0106 57.8862
0.0823 4.3531 0.0105 129.9357
0.1005 5.3881 0.0103 226.2822
0.1183 6.3985 0.0101 345.1308
0.1357 7.3849 0.0100 484.7864
0.1529 8.3480 0.0098 643.6485
0.1696 9.2882 0.0097 820.2065
0.1861 10.2062 0.0095 1013.0350
0.2022 11.1023 0.0094 1220.7895
0.2180 11.9773 0.0092 1442.2024
0.2335 12.8314 0.0091 1676.0790
0.2486 13.6653 0.0089 1921.2935
0.2635 14.4795 0.0088 2176.7860
0.2781 15.2743 0.0086 2441.5586
0.2924 16.0503 0.0085 2714.6726
0.3064 16.8079 0.0084 2995.2449
0.3201 17.5475 0.0082 3282.4459
0.3336 18.2696 0.0081 3575.4958
0.3468 18.9746 0.0080 3873.6629
0.3597 19.6628 0.0079 4176.2603
0.3724 20.3348 0.0077 4482.6440
0.3848 20.9908 0.0076 4792.2107
0.3970 21.6312 0.0075 5104.3952
0.4090 22.2565 0.0074 5418.6688
0.4207 22.8669 0.0073 5734.5372
0.4321 23.4629 0.0071 6051.5385
0.4434 24.0447 0.0070 6369.2420
0.4544 24.6127 0.0069 6687.2457
0.4652 25.1673 0.0068 7005.1755
0.4758 25.7087 0.0067 7322.6832
0.4862 26.2372 0.0066 7639.4453
0.4963 26.7533 0.0065 7955.1617
0.5063 27.2571 0.0064 8269.5542
0.5161 27.7489 0.0063 8582.3653
0.5257 28.2291 0.0062 8893.3574
0.5351 28.6979 0.0061 9202.3112
0.5443 29.1556 0.0060 9509.0250
  nan   nan 0.0059  -inf
  nan   nan   nan   nan
  nan   nan   nan   nan
  nan   nan   nan   nan
  nan   nan   nan   nan
  nan   nan   nan   nan
  nan   nan   nan   nan
  nan   nan   nan   nan
  nan   nan   nan   nan
  nan   nan   nan   nan
  nan   nan   nan   nan
  nan   nan   nan   nan
  nan   nan   nan   nan
  nan   nan   nan   nan
  nan   nan   nan   nan
  nan   nan   nan   nan
  nan   nan   nan   nan
  nan   nan   nan   nan
  nan   nan   nan   nan
  nan   nan   nan   nan
  nan   nan   nan   nan
  nan   nan   nan   nan
  nan   nan   nan   nan
  nan   nan   nan   nan
  nan   nan   nan   nan
  nan   nan   nan   nan
  nan   nan   nan   nan
  nan   nan   nan   nan
  nan   nan   nan   nan
  nan   nan   nan   nan
  nan   nan   nan   nan
  nan   nan   nan   nan
  nan   nan   nan   nan
  nan   nan   nan   nan
  nan   nan   nan   nan
  nan   nan   nan   nan
  nan   nan   nan   nan
  nan   nan   nan   nan
  nan   nan   nan   nan
  nan   nan   nan   nan
  nan   nan   nan   nan
  nan   nan   nan   nan
  nan   nan   nan   nan
  nan   nan   nan   nan
  nan   nan   nan   nan
  nan   nan   nan   nan
  nan   nan   nan   nan
  nan   nan   nan   nan
  nan   nan   nan   nan
  nan   nan   nan   nan
  nan   nan   nan   nan
  nan   nan   nan   nan
  nan   nan   nan   nan
  nan   nan   nan   nan
  nan   nan   nan   nan
  nan   nan   nan   nan
  nan   nan   nan   nan
  nan   nan   nan   nan
  nan   nan   nan   nan
  nan   nan   nan   nan
  nan   nan   nan   nan
  nan   nan   nan   nan
  nan   nan   nan   nan
  nan   nan   nan   nan
  nan   nan   nan   nan
  nan   nan   nan   nan
  nan   nan   nan   nan
  nan   nan   nan   nan
  nan   nan   nan   nan
  nan   nan   nan   nan
  nan   nan   nan   nan
  nan   nan   nan   nan
  nan   nan   nan   nan
  nan   nan   nan   nan
  nan   nan   nan   nan
  nan   nan   nan   nan
  nan   nan   nan   nan
  nan   nan   nan   nan
  nan   nan   nan   nan
  nan   nan   nan   nan
  nan   nan   nan   nan
  nan   nan   nan   nan
  nan   nan   nan   nan
  nan   nan   nan   nan
  nan   nan   nan   nan
  nan   nan   nan   nan
  nan   nan   nan   nan
  nan   nan   nan   nan
  nan   nan   nan   nan
  nan   nan   nan   nan
  nan   nan   nan   nan
  nan   nan   nan   nan
  nan   nan   nan   nan
  nan   nan   nan   nan
  nan   nan   nan   nan
  nan   nan   nan   nan
  nan   nan   nan   nan
  nan   nan   nan   nan
  nan   nan   nan   nan
  nan   nan   nan   nan
  nan   nan   nan   nan
  nan   nan   nan   nan
  nan   nan   nan   nan
  nan   nan   nan   nan
  nan   nan   nan   nan
  nan   nan   nan   nan
  nan   nan   nan   nan
  nan   nan   nan   nan
  nan   nan   nan   nan
  nan   nan   nan   nan
  nan   nan   nan   nan
  nan   nan   nan   nan
  nan   nan   nan   nan
  nan   nan   nan   nan
  nan   nan   nan   nan
  nan   nan   nan   nan
  nan   nan   nan   nan
  nan   nan   nan   nan
  nan   nan   nan   nan
  nan   nan   nan   nan
  nan   nan   nan   nan
  nan   nan   nan   nan
  nan   nan   nan   nan
  nan   nan   nan   nan
  nan   nan   nan   nan
  nan   nan   nan   nan
  nan   nan   nan   nan
  nan   nan   nan   nan
  nan   nan   nan   nan
  nan   nan   nan   nan
  nan   nan   nan   nan
  nan   nan   nan   nan
  nan   nan   nan   nan
  nan   nan   nan   nan
  nan   nan   nan   nan
  nan   nan   nan   nan
  nan   nan   nan   nan
  nan   nan   nan   nan
  nan   nan   nan   nan
  nan   nan   nan   nan
  nan   nan   nan   nan
  nan   nan   nan   nan
  nan   nan   nan   nan
  nan   nan   nan   nan
  nan   nan   nan   nan
  nan   nan   nan   nan
  nan   nan   nan   nan
  nan   nan   nan   nan
  nan   nan   nan   nan
  nan   nan   nan   nan
  nan   nan   nan   nan
  nan   nan   nan   nan
  nan   nan   nan   nan
  nan   nan   nan   nan
  nan   nan   nan   nan
  nan   nan   nan   nan
  nan   nan   nan   nan
  nan   nan   nan   nan
  nan   nan   nan   nan
  nan   nan   nan   nan
  nan   nan   nan   nan
New Tracking: 
 J=5.0000 
 Q=6.0000 
 Q2=4.0000 
0.0100 0.2000 0.0100 0.0000
0.0256 1.0950 0.0110 -5.4942
0.0449 2.2072 0.0108 12.0332
0.0638 3.2930 0.0106 57.8862
0.0823 4.3531 0.0105 129.9357
0.1005 5.3881 0.0103 226.2822
0.1183 6.3985 0.0101 345.1308
0.1357 7.3849 0.0100 484.7864
0.1529 8.3480 0.0098 643.6485
0.1696 9.2882 0.0097 820.2065
0.1861 10.2062 0.0095 1013.0350
0.2022 11.1023 0.0094 1220.7895
0.2180 11.9773 0.0092 1442.2024
0.2335 12.8314 0.0091 1676.0790
0.2486 13.6653 0.0089 1921.2935
0.2635 14.4795 0.0088 2176.7860
0.2781 15.2743 0.0086 2441.5586
0.2924 16.0503 0.0085 2714.6726
0.3064 16.8079 0.0084 2995.2449
0.3201 17.5475 0.0082 3282.4459
0.3336 18.2696 0.0081 3575.4958
0.3468 18.9746 0.0080 3873.6629
0.3597 19.6628 0.0079 4176.2603
0.3724 20.3348 0.0077 4482.6440
0.3848 20.9908 0.0076 4792.2107
0.3970 21.6312 0.0075 5104.3952
0.4090 22.2565 0.0074 5418.6688
0.4207 22.8669 0.0073 5734.5372
0.4321 23.4629 0.0071 6051.5385
0.4434 24.0447 0.0070 6369.2420
0.4544 24.6127 0.0069 6687.2457
0.4652 25.1673 0.0068 7005.1755
0.4758 25.7087 0.0067 7322.6832
0.4862 26.2372 0.0066 7639.4453
0.4963 26.7533 0.0065 7955.1617
0.5063 27.2571 0.0064 8269.5542
0.5161 27.7489 0.0063 8582.3653
0.5257 28.2291 0.0062 8893.3574
0.5351 28.6979 0.0061 9202.3112
0.5443 29.1556 0.0060 9509.0250
  nan   nan 0.0059  -inf
  nan   nan   nan   nan
  nan   nan   nan   nan
  nan   nan   nan   nan
  nan   nan   nan   nan
  nan   nan   nan   nan
  nan   nan   nan   nan
  nan   nan   nan   nan
  nan   nan   nan   nan
  nan   nan   nan   nan
  nan   nan   nan   nan
  nan   nan   nan   nan
  nan   nan   nan   nan
  nan   nan   nan   nan
  nan   nan   nan   nan
  nan   nan   nan   nan
  nan   nan   nan   nan
  nan   nan   nan   nan
  nan   nan   nan   nan
  nan   nan   nan   nan
  nan   nan   nan   nan
  nan   nan   nan   nan
  nan   nan   nan   nan
  nan   nan   nan   nan
  nan   nan   nan   nan
  nan   nan   nan   nan
  nan   nan   nan   nan
  nan   nan   nan   nan
  nan   nan   nan   nan
  nan   nan   nan   nan
  nan   nan   nan   nan
  nan   nan   nan   nan
  nan   nan   nan   nan
  nan   nan   nan   nan
  nan   nan   nan   nan
  nan   nan   nan   nan
  nan   nan   nan   nan
  nan   nan   nan   nan
  nan   nan   nan   nan
  nan   nan   nan   nan
  nan   nan   nan   nan
  nan   nan   nan   nan
  nan   nan   nan   nan
  nan   nan   nan   nan
  nan   nan   nan   nan
  nan   nan   nan   nan
  nan   nan   nan   nan
  nan   nan   nan   nan
  nan   nan   nan   nan
  nan   nan   nan   nan
  nan   nan   nan   nan
  nan   nan   nan   nan
  nan   nan   nan   nan
  nan   nan   nan   nan
  nan   nan   nan   nan
  nan   nan   nan   nan
  nan   nan   nan   nan
  nan   nan   nan   nan
  nan   nan   nan   nan
  nan   nan   nan   nan
  nan   nan   nan   nan
  nan   nan   nan   nan
  nan   nan   nan   nan
  nan   nan   nan   nan
  nan   nan   nan   nan
  nan   nan   nan   nan
  nan   nan   nan   nan
  nan   nan   nan   nan
  nan   nan   nan   nan
  nan   nan   nan   nan
  nan   nan   nan   nan
  nan   nan   nan   nan
  nan   nan   nan   nan
  nan   nan   nan   nan
  nan   nan   nan   nan
  nan   nan   nan   nan
  nan   nan   nan   nan
  nan   nan   nan   nan
  nan   nan   nan   nan
  nan   nan   nan   nan
  nan   nan   nan   nan
  nan   nan   nan   nan
  nan   nan   nan   nan
  nan   nan   nan   nan
  nan   nan   nan   nan
  nan   nan   nan   nan
  nan   nan   nan   nan
  nan   nan   nan   nan
  nan   nan   nan   nan
  nan   nan   nan   nan
  nan   nan   nan   nan
  nan   nan   nan   nan
  nan   nan   nan   nan
  nan   nan   nan   nan
  nan   nan   nan   nan
  nan   nan   nan   nan
  nan   nan   nan   nan
  nan   nan   nan   nan
  nan   nan   nan   nan
  nan   nan   nan   nan
  nan   nan   nan   nan
  nan   nan   nan   nan
  nan   nan   nan   nan
  nan   nan   nan   nan
  nan   nan   nan   nan
  nan   nan   nan   nan
  nan   nan   nan   nan
  nan   nan   nan   nan
  nan   nan   nan   nan
  nan   nan   nan   nan
  nan   nan   nan   nan
  nan   nan   nan   nan
  nan   nan   nan   nan
  nan   nan   nan   nan
  nan   nan   nan   nan
  nan   nan   nan   nan
  nan   nan   nan   nan
  nan   nan   nan   nan
  nan   nan   nan   nan
  nan   nan   nan   nan
  nan   nan   nan   nan
  nan   nan   nan   nan
  nan   nan   nan   nan
  nan   nan   nan   nan
  nan   nan   nan   nan
  nan   nan   nan   nan
  nan   nan   nan   nan
  nan   nan   nan   nan
  nan   nan   nan   nan
  nan   nan   nan   nan
  nan   nan   nan   nan
  nan   nan   nan   nan
  nan   nan   nan   nan
  nan   nan   nan   nan
  nan   nan   nan   nan
  nan   nan   nan   nan
  nan   nan   nan   nan
  nan   nan   nan   nan
  nan   nan   nan   nan
  nan   nan   nan   nan
  nan   nan   nan   nan
  nan   nan   nan   nan
  nan   nan   nan   nan
  nan   nan   nan   nan
  nan   nan   nan   nan
  nan   nan   nan   nan
  nan   nan   nan   nan
  nan   nan   nan   nan
  nan   nan   nan   nan
  nan   nan   nan   nan
  nan   nan   nan   nan
  nan   nan   nan   nan
  nan   nan   nan   nan
  nan   nan   nan   nan
  nan   nan   nan   nan
  nan   nan   nan   nan
  nan   nan   nan   nan
  nan   nan   nan   nan
  nan   nan   nan   nan
  nan   nan   nan   nan
  nan   nan   nan   nan
New Tracking: 
 J=5.0000 
 Q=6.0000 
 Q2=4.0000 
0.0100 0.2000 0.0100 0.0000
0.0114 0.2827 0.0101 0.6437
0.0133 0.3913 0.0101 -1.1876
0.0153 0.5050 0.0101 -2.7610
0.0173 0.6188 0.0101 -3.9710
0.0192 0.7324 0.0101 -4.8647
0.0212 0.8457 0.0101 -5.4476
0.0231 0.9587 0.0101 -5.7220
0.0251 1.0715 0.0101 -5.6902
0.0270 1.1840 0.0100 -5.3545
0.0290 1.2962 0.0100 -4.7168
0.0309 1.4082 0.0100 -3.7796
0.0329 1.5199 0.0100 -2.5448
0.0348 1.6313 0.0100 -1.0147
0.0367 1.7424 0.0100 0.8087
0.0386 1.8533 0.0099 2.9231
0.0406 1.9639 0.0099 5.3265
0.0425 2.0743 0.0099 8.0168
0.0444 2.1844 0.0099 10.9918
0.0463 2.2942 0.0099 14.2496
0.0482 2.4038 0.0099 17.7880
0.0501 2.5131 0.0098 21.6050
0.0520 2.6221 0.0098 25.6985
0.0539 2.7309 0.0098 30.0666
0.0558 2.8394 0.0098 34.7072
0.0577 2.9477 0.0098 39.6182
0.0596 3.0556 0.0098 44.7977
0.0614 3.1634 0.0098 50.2438
0.0633 3.2709 0.0097 55.9544
0.0652 3.3781 0.0097 61.9275
0.0670 3.4850 0.0097 68.1613
0.0689 3.5918 0.0097 74.6537
0.0708 3.6982 0.0097 81.4029
0.0726 3.8044 0.0097 88.4069
0.0745 3.9103 0.0096 95.6638
0.0763 4.0160 0.0096 103.1717
0.0782 4.1215 0.0096 110.9288
0.0800 4.2267 0.0096 118.9331
0.0819 4.3316 0.0096 127.1828
0.0837 4.4363 0.0096 135.6761
0.0855 4.5407 0.0096 144.4110
0.0873 4.6449 0.0095 153.3858
0.0892 4.7488 0.0095 162.5986
0.0910 4.8525 0.0095 172.0476
0.0928 4.9559 0.0095 181.7311
0.0946 5.0591 0.0095 191.6472
0.0964 5.1620 0.0095 201.7941
0.0982 5.2647 0.0094 212.1701
0.1000 5.3671 0.0094 222.7734
0.1018 5.4693 0.0094 233.6022
0.1036 5.5713 0.0094 244.6549
0.1054 5.6730 0.0094 255.9296
0.1072 5.7745 0.0094 267.4247
0.1090 5.8757 0.0094 279.1384
0.1108 5.9767 0.0093 291.0691
0.1125 6.0774 0.0093 303.2150
0.1143 6.1779 0.0093 315.5744
0.1161 6.2781 0.0093 328.1458
0.1179 6.3782 0.0093 340.9274
0.1196 6.4779 0.0093 353.9175
0.1214 6.5775 0.0093 367.1146
0.1231 6.6768 0.0092 380.5170
0.1249 6.7758 0.0092 394.1230
0.1266 6.8746 0.0092 407.9310
0.1284 6.9732 0.0092 421.9395
0.1301 7.0716 0.0092 436.1469
0.1319 7.1697 0.0092 450.5515
0.1336 7.2675 0.0091 465.1517
0.1353 7.3652 0.0091 479.9461
0.1371 7.4626 0.0091 494.9329
0.1388 7.5598 0.0091 510.1108
0.1405 7.6567 0.0091 525.4781
0.1422 7.7534 0.0091 541.0333
0.1439 7.8499 0.0091 556.7748
0.1456 7.9461 0.0090 572.7013
0.1473 8.0421 0.0090 588.8110
0.1490 8.1379 0.0090 605.1027
0.1507 8.2335 0.0090 621.5746
0.1524 8.3288 0.0090 638.2255
0.1541 8.4239 0.0090 655.0537
0.1558 8.5188 0.0090 672.0579
0.1575 8.6134 0.0089 689.2365
0.1592 8.7078 0.0089 706.5882
0.1609 8.8020 0.0089 724.1115
0.1626 8.8960 0.0089 741.8049
0.1642 8.9897 0.0089 759.6670
0.1659 9.0832 0.0089 777.6965
0.1676 9.1765 0.0089 795.8918
0.1692 9.2696 0.0088 814.2517
0.1709 9.3624 0.0088 832.7747
0.1725 9.4550 0.0088 851.4594
0.1742 9.5474 0.0088 870.3045
0.1758 9.6396 0.0088 889.3086
0.1775 9.7316 0.0088 908.4703
0.1791 9.8233 0.0088 927.7882
0.1808 9.9148 0.0087 947.2612
0.1824 10.0061 0.0087 966.8877
0.1840 10.0972 0.0087 986.6665
0.1857 10.1880 0.0087 1006.5963
0.1873 10.2787 0.0087 1026.6757
0.1889 10.3691 0.0087 1046.9034
0.1906 10.4593 0.0087 1067.2782
0.1922 10.5493 0.0087 1087.7988
0.1938 10.6391 0.0086 1108.4638
0.1954 10.7286 0.0086 1129.2720
0.1970 10.8180 0.0086 1150.2222
0.1986 10.9071 0.0086 1171.3131
0.2002 10.9960 0.0086 1192.5433
0.2018 11.0847 0.0086 1213.9118
0.2034 11.1732 0.0086 1235.4172
0.2050 11.2615 0.0085 1257.0583
0.2066 11.3496 0.0085 1278.8339
0.2082 11.4374 0.0085 1300.7428
0.2097 11.5251 0.0085 1322.7837
0.2113 11.6125 0.0085 1344.9556
0.2129 11.6997 0.0085 1367.2571
0.2145 11.7867 0.0085 1389.6871
0.2160 11.8735 0.0084 1412.2444
0.2176 11.9601 0.0084 1434.9278
0.2192 12.0465 0.0084 1457.7362
0.2207 12.1327 0.0084 1480.6685
0.2223 12.2187 0.0084 1503.7234
0.2238 12.3045 0.0084 1526.8998
0.2254 12.3900 0.0084 1550.1966
0.2269 12.4754 0.0084 1573.6127
0.2285 12.5606 0.0083 1597.1468
0.2300 12.6455 0.0083 1620.7980
0.2316 12.7303 0.0083 1644.5651
0.2331 12.8148 0.0083 1668.4470
0.2346 12.8992 0.0083 1692.4426
0.2362 12.9833 0.0083 1716.5508
0.2377 13.0672 0.0083 1740.7705
0.2392 13.1510 0.0082 1765.1006
0.2407 13.2345 0.0082 1789.5401
0.2422 13.3178 0.0082 1814.0880
0.2438 13.4010 0.0082 1838.7430
0.2453 13.4839 0.0082 1863.5043
0.2468 13.5667 0.0082 1888.3707
0.2483 13.6492 0.0082 1913.3412
0.2498 13.7315 0.0082 1938.4148
0.2513 13.8137 0.0081 1963.5905
0.2528 13.8956 0.0081 1988.8671
0.2543 13.9774 0.0081 2014.2438
0.2558 14.0589 0.0081 2039.7195
0.2573 14.1403 0.0081 2065.2932
0.2587 14.2215 0.0081 2090.9639
0.2602 14.3024 0.0081 2116.7306
0.2617 14.3832 0.0081 2142.5923
0.2632 14.4638 0.0080 2168.5481
0.2646 14.5442 0.0080 2194.5969
0.2661 14.6244 0.0080 2220.7379
0.2676 14.7044 0.0080 2246.9700
0.2690 14.7842 0.0080 2273.2923
0.2705 14.8638 0.0080 2299.7039
0.2720 14.9433 0.0080 2326.2038
0.2734 15.0225 0.0079 2352.7910
0.2749 15.1016 0.0079 2379.4646
0.2763 15.1804 0.0079 2406.2238
0.2778 15.2591 0.0079 2433.0676
0.2792 15.3376 0.0079 2459.9950
0.2806 15.4159 0.0079 2487.0052
0.2821 15.4940 0.0079 2514.0972
0.2835 15.5719 0.0079 2541.2702
0.2849 15.6496 0.0078 2568.5233
0.2864 15.7272 0.0078 2595.8555
0.2878 15.8045 0.0078 2623.2661
0.2892 15.8817 0.0078 2650.7540
0.2906 15.9587 0.0078 2678.3185
0.2921 16.0355 0.0078 2705.9587
0.2935 16.1121 0.0078 2733.6738
0.2949 16.1886 0.0078 2761.4628
0.2963 16.2648 0.0077 2789.3249
0.2977 16.3409 0.0077 2817.2593
0.2991 16.4168 0.0077 2845.2651
0.3005 16.4925 0.0077 2873.3415
0.3019 16.5680 0.0077 2901.4877
0.3033 16.6434 0.0077 2929.7029
0.3047 16.7185 0.0077 2957.9861
0.3061 16.7935 0.0077 2986.3367
0.3075 16.8683 0.0076 3014.7539
0.3089 16.9430 0.0076 3043.2367
0.3102 17.0174 0.0076 3071.7844
0.3116 17.0917 0.0076 3100.3962
0.3130 17.1658 0.0076 3129.0714
0.3144 17.2397 0.0076 3157.8091
0.3157 17.3134 0.0076 3186.6086
0.3171 17.3870 0.0076 3215.4691
0.3185 17.4604 0.0076 3244.3897
0.3198 17.5336 0.0075 3273.3699
0.3212 17.6066 0.0075 3302.4087
0.3225 17.6795 0.0075 3331.5055
0.3239 17.7521 0.0075 3360.6595
0.3252 17.8246 0.0075 3389.8699
0.3266 17.8970 0.0075 3419.1361
0.3279 17.9691 0.0075 3448.4572
0.3293 18.0411 0.0075 3477.8325
0.3306 18.1129 0.0074 3507.2614
0.3320 18.1846 0.0074 3536.7431
0.3333 18.2561 0.0074 3566.2768
0.3346 18.3274 0.0074 3595.8619
0.3360 18.3985 0.0074 3625.4977
