0.0000 0.0000
0.0050 0.0000
0.0101 0.0001
0.0151 0.0002
0.0201 0.0004
0.0251 0.0006
0.0302 0.0009
0.0352 0.0012
0.0402 0.0016
0.0452 0.0021
0.0503 0.0026
0.0553 0.0032
0.0603 0.0039
0.0653 0.0047
0.0704 0.0056
0.0754 0.0067
0.0804 0.0079
0.0854 0.0094
0.0905 0.0112
0.0955 0.0134
0.1005 0.0159
0.1055 0.0185
0.1106 0.0208
0.1156 0.0223
0.1206 0.0225
0.1256 0.0206
0.1307 0.0159
0.1357 0.0074
0.1407 -0.0061
0.1457 -0.0256
0.1508 -0.0526
0.1558 -0.0883
0.1608 -0.1339
0.1658 -0.1905
0.1709 -0.2588
0.1759 -0.3395
0.1809 -0.4324
0.1859 -0.5373
0.1910 -0.6535
0.1960 -0.7800
0.2010 -0.9156
0.2060 -1.0589
0.2111 -1.2087
0.2161 -1.3638
0.2211 -1.5228
0.2261 -1.6849
0.2312 -1.8491
0.2362 -2.0147
0.2412 -2.1809
0.2462 -2.3473
0.2513 -2.5135
0.2563 -2.6790
0.2613 -2.8437
0.2663 -3.0072
0.2714 -3.1694
0.2764 -3.3302
0.2814 -3.4894
0.2864 -3.6469
0.2915 -3.8028
0.2965 -3.9568
0.3015 -4.1091
0.3065 -4.2595
0.3116 -4.4080
0.3166 -4.5546
0.3216 -4.6993
0.3266 -4.8421
0.3317 -4.9829
0.3367 -5.1218
0.3417 -5.2588
0.3467 -5.3939
0.3518 -5.5270
0.3568 -5.6582
0.3618 -5.7874
0.3668 -5.9148
0.3719 -6.0401
0.3769 -6.1636
0.3819 -6.2851
0.3869 -6.4048
0.3920 -6.5225
0.3970 -6.6383
0.4020 -6.7521
0.4070 -6.8641
0.4121 -6.9742
0.4171 -7.0824
0.4221 -7.1887
0.4271 -7.2931
0.4322 -7.3957
0.4372 -7.4964
0.4422 -7.5952
0.4472 -7.6922
0.4523 -7.7873
0.4573 -7.8805
0.4623 -7.9720
0.4673 -8.0616
0.4724 -8.1493
0.4774 -8.2353
0.4824 -8.3194
0.4874 -8.4018
0.4925 -8.4823
0.4975 -8.5611
0.5025 -8.6381
0.5075 -8.7133
0.5126 -8.7867
0.5176 -8.8584
0.5226 -8.9283
0.5276 -8.9965
0.5327 -9.0630
0.5377 -9.1278
0.5427 -9.1908
0.5477 -9.2522
0.5528 -9.3118
0.5578 -9.3698
0.5628 -9.4261
0.5678 -9.4808
0.5729 -9.5338
0.5779 -9.5852
0.5829 -9.6350
0.5879 -9.6832
0.5930 -9.7297
0.5980 -9.7747
0.6030 -9.8182
0.6080 -9.8600
0.6131 -9.9004
0.6181 -9.9392
0.6231 -9.9764
0.6281 -10.0122
0.6332 -10.0465
0.6382 -10.0794
0.6432 -10.1108
0.6482 -10.1407
0.6533 -10.1692
0.6583 -10.1964
0.6633 -10.2221
0.6683 -10.2465
0.6734 -10.2695
0.6784 -10.2912
0.6834 -10.3115
0.6884 -10.3306
0.6935 -10.3483
0.6985 -10.3648
0.7035 -10.3800
0.7085 -10.3940
0.7136 -10.4068
0.7186 -10.4184
0.7236 -10.4288
0.7286 -10.4382
0.7337 -10.4464
0.7387 -10.4537
0.7437 -10.4601
0.7487 -10.4657
0.7538 -10.4707
0.7588 -10.4750
0.7638 -10.4789
0.7688 -10.4825
0.7739 -10.4857
0.7789 -10.4886
0.7839 -10.4913
0.7889 -10.4939
0.7940 -10.4963
0.7990 -10.4985
0.8040 -10.5007
0.8090 -10.5028
0.8141 -10.5047
0.8191 -10.5067
0.8241 -10.5085
0.8291 -10.5102
0.8342 -10.5120
0.8392 -10.5136
0.8442 -10.5152
0.8492 -10.5167
0.8543 -10.5182
0.8593 -10.5197
0.8643 -10.5211
0.8693 -10.5225
0.8744 -10.5238
0.8794 -10.5250
0.8844 -10.5263
0.8894 -10.5275
0.8945 -10.5286
0.8995 -10.5297
0.9045 -10.5308
0.9095 -10.5318
0.9146 -10.5328
0.9196 -10.5337
0.9246 -10.5346
0.9296 -10.5355
0.9347 -10.5363
0.9397 -10.5371
0.9447 -10.5379
0.9497 -10.5386
0.9548 -10.5393
0.9598 -10.5399
0.9648 -10.5405
0.9698 -10.5410
0.9749 -10.5415
0.9799 -10.5420
0.9849 -10.5425
0.9899 -10.5429
0.9950 -10.5432
1.0000 -10.5435
