0.0000 0.0000 0.0000
0.0089 0.0000 0.0040
0.0147 0.0000 0.0119
0.0156 0.0000 0.0216
0.0159 0.0000 0.0314
0.0160 0.0000 0.0411
0.0161 0.0000 0.0509
0.0161 0.0000 0.0607
0.0162 0.0000 0.0705
0.0162 0.0000 0.0802
0.0162 0.0000 0.0900
0.0163 0.0000 0.0998
0.0163 0.0000 0.1096
0.0164 0.0000 0.1194
0.0164 0.0000 0.1291
0.0164 0.0000 0.1389
0.0165 0.0000 0.1487
0.0165 0.0000 0.1585
0.0166 0.0000 0.1682
0.0166 0.0000 0.1780
0.0166 0.0000 0.1878
0.0167 0.0000 0.1976
0.0167 0.0000 0.2073
0.0168 0.0000 0.2171
0.0168 0.0000 0.2269
0.0169 0.0000 0.2367
0.0169 0.0000 0.2464
0.0170 0.0000 0.2562
0.0170 0.0000 0.2660
0.0170 0.0000 0.2758
0.0171 0.0000 0.2856
0.0171 0.0000 0.2953
0.0172 0.0000 0.3051
0.0172 0.0000 0.3149
0.0173 0.0000 0.3247
0.0173 0.0000 0.3344
0.0174 0.0000 0.3442
0.0174 0.0000 0.3540
0.0175 0.0000 0.3638
0.0176 0.0000 0.3735
0.0176 0.0000 0.3833
0.0177 0.0000 0.3931
0.0177 0.0000 0.4029
0.0178 0.0000 0.4127
0.0178 0.0000 0.4224
0.0179 0.0000 0.4322
0.0180 0.0000 0.4420
0.0180 0.0000 0.4518
0.0181 0.0000 0.4615
0.0182 0.0000 0.4713
0.0182 0.0000 0.4811
0.0183 0.0000 0.4909
0.0184 0.0000 0.5006
0.0184 0.0000 0.5104
0.0185 0.0000 0.5202
0.0186 0.0000 0.5300
0.0187 0.0000 0.5397
0.0187 0.0000 0.5495
0.0188 0.0000 0.5593
0.0189 0.0000 0.5691
0.0190 0.0000 0.5789
0.0191 0.0000 0.5886
0.0192 0.0000 0.5984
0.0193 0.0000 0.6082
0.0194 0.0000 0.6180
0.0194 0.0000 0.6277
0.0195 0.0000 0.6375
0.0196 0.0000 0.6473
0.0198 0.0000 0.6571
0.0199 0.0000 0.6668
0.0200 0.0000 0.6766
0.0201 0.0000 0.6864
0.0202 0.0000 0.6962
0.0203 0.0000 0.7059
0.0204 0.0000 0.7157
0.0206 0.0000 0.7255
0.0207 0.0000 0.7353
0.0209 0.0000 0.7450
0.0210 0.0000 0.7548
0.0212 0.0000 0.7646
0.0213 0.0000 0.7744
0.0215 0.0000 0.7841
0.0217 0.0000 0.7939
0.0218 0.0000 0.8037
0.0220 0.0000 0.8135
0.0222 0.0000 0.8232
0.0225 0.0000 0.8330
0.0227 0.0000 0.8428
0.0230 0.0000 0.8526
0.0233 0.0000 0.8623
0.0236 0.0000 0.8721
0.0240 0.0000 0.8819
0.0244 0.0000 0.8917
0.0249 0.0000 0.9014
0.0255 0.0000 0.9112
0.0262 0.0000 0.9209
0.0270 0.0000 0.9307
0.0281 0.0000 0.9404
0.0296 0.0000 0.9500
0.0319 0.0001 0.9595
0.0363 0.0001 0.9682
0.0434 0.0001 0.9748
0.0522 0.0002 0.9788
0.0617 0.0003 0.9811
0.0714 0.0003 0.9823
0.0812 0.0004 0.9831
0.0909 0.0005 0.9835
0.1007 0.0005 0.9839
0.1105 0.0006 0.9841
0.1202 0.0006 0.9844
0.1300 0.0007 0.9846
0.1398 0.0007 0.9847
0.1496 0.0008 0.9849
0.1593 0.0009 0.9851
0.1691 0.0009 0.9853
0.1789 0.0010 0.9854
0.1887 0.0010 0.9856
0.1984 0.0011 0.9858
0.2082 0.0011 0.9860
0.2180 0.0012 0.9861
0.2278 0.0013 0.9863
0.2375 0.0013 0.9865
0.2473 0.0014 0.9867
0.2571 0.0014 0.9868
0.2669 0.0015 0.9870
0.2766 0.0015 0.9872
0.2864 0.0016 0.9874
0.2962 0.0016 0.9875
0.3060 0.0017 0.9877
0.3157 0.0018 0.9879
0.3255 0.0018 0.9880
0.3353 0.0019 0.9882
0.3451 0.0019 0.9884
0.3548 0.0020 0.9886
0.3646 0.0020 0.9887
0.3744 0.0021 0.9889
0.3842 0.0022 0.9891
0.3939 0.0022 0.9893
0.4037 0.0023 0.9894
0.4135 0.0023 0.9896
0.4233 0.0024 0.9898
0.4330 0.0024 0.9900
0.4428 0.0025 0.9901
0.4526 0.0025 0.9903
0.4624 0.0026 0.9905
0.4721 0.0027 0.9906
0.4819 0.0027 0.9908
0.4917 0.0028 0.9910
0.5015 0.0028 0.9912
0.5112 0.0029 0.9913
0.5210 0.0029 0.9915
0.5308 0.0030 0.9917
0.5406 0.0031 0.9919
0.5503 0.0031 0.9920
0.5601 0.0032 0.9922
0.5699 0.0032 0.9924
0.5797 0.0033 0.9926
0.5894 0.0033 0.9927
0.5992 0.0034 0.9929
0.6090 0.0035 0.9931
0.6188 0.0035 0.9932
0.6285 0.0036 0.9934
0.6383 0.0036 0.9936
0.6481 0.0037 0.9938
0.6579 0.0037 0.9939
0.6676 0.0038 0.9941
0.6774 0.0038 0.9943
0.6872 0.0039 0.9945
0.6970 0.0040 0.9946
0.7067 0.0040 0.9948
0.7165 0.0041 0.9950
0.7263 0.0041 0.9951
0.7361 0.0042 0.9953
0.7458 0.0042 0.9955
0.7556 0.0043 0.9957
0.7654 0.0044 0.9958
0.7752 0.0044 0.9960
0.7849 0.0045 0.9962
0.7947 0.0045 0.9964
0.8045 0.0046 0.9965
0.8143 0.0046 0.9967
0.8240 0.0047 0.9969
0.8338 0.0047 0.9971
0.8436 0.0048 0.9972
0.8534 0.0049 0.9974
0.8631 0.0049 0.9976
0.8729 0.0050 0.9977
0.8827 0.0050 0.9979
0.8925 0.0051 0.9981
0.9022 0.0051 0.9983
0.9120 0.0052 0.9984
0.9218 0.0053 0.9986
0.9316 0.0053 0.9988
0.9413 0.0054 0.9990
0.9511 0.0054 0.9991
0.9609 0.0055 0.9993
0.9707 0.0055 0.9995
0.9804 0.0056 0.9997
0.9902 0.0057 0.9998
1.0000 0.0057 1.0000
